0 26.461877003410155
1000 26.536116099597375
2000 26.570988267878754
3000 26.705542363223906
4000 26.597651863964458
5000 26.601408487133273
6000 26.514787975228028
7000 26.578640335640987
8000 26.63948955402713
9000 26.60338068089493
10000 26.466994669821677
11000 26.629484738912755
12000 26.55109421422101
13000 26.68309398475266
14000 26.498448973860988
15000 26.545297689635152
16000 26.529482377008456
17000 26.60590032766438
18000 26.550752461609395
19000 26.643419339823247
20000 26.604726531489995
21000 26.529775845284856
22000 26.556440073610084
23000 26.606990661419278
24000 26.645288742841245
25000 26.573502041441753
26000 26.514551753505323
27000 26.545176789715615
28000 26.625596870583117
29000 26.52868646463223
30000 26.494511540269166
31000 26.553226175825635
32000 26.66037005429176
33000 26.510940151351587
34000 26.539255712382133
35000 26.599206691231036
36000 26.509741122120765
37000 26.548480205894922
38000 26.542255576341137
39000 26.56317333747313
40000 26.575235712903392
41000 26.528577015261583
42000 26.556633628937238
43000 26.632235846762754
44000 26.50991540193204
45000 26.59520290236226
46000 26.47567558797988
47000 26.518576935189664
48000 26.4700416833489
49000 26.523851918794357
50000 26.57870545801574
51000 26.691871586177577
52000 26.49746491972861
53000 26.583002757091055
54000 26.600910263464765
55000 26.559210045095252
56000 26.57553871576064
57000 26.596622010976983
58000 26.608724513966404
59000 26.601883961376974
60000 26.53976226356423
61000 26.490346670671244
62000 26.64445752388845
63000 26.621125465527932
64000 26.619288246665032
65000 26.648938835294118
66000 26.448357710253813
67000 26.585005539059043
68000 26.557356241952164
69000 26.541710150745427
70000 26.56365265932513
71000 26.569800067673743
72000 26.6387023869718
73000 26.589728699494348
74000 26.613961751790107
75000 26.469421952339676
76000 26.58783768308519
77000 26.590995505866125
78000 26.64462764640819
79000 26.583563292462305
80000 26.64632968294322
81000 26.624840386601615
82000 26.665309056917383
83000 26.579964410226687
84000 26.675084836333873
85000 26.45413043939392
86000 26.725949959738205
87000 26.535129360902715
88000 26.576740042620024
89000 26.603134297805195
90000 26.563770877772967
91000 26.572312016718246
92000 26.629080534721293
93000 26.665903363679874
94000 26.59926998186675
95000 26.52779010140838
96000 26.51265210308358
97000 26.60809333877397
98000 26.515466542412973
99000 26.639527283499124
100000 26.62229164674663
101000 26.479162352478127
102000 26.591976462601828
103000 26.591818585643527
104000 26.64469069273358
105000 26.517364030580477
106000 26.652400165786485
107000 26.5663168850856
108000 26.449416845550342
109000 26.498795254173174
110000 26.565270652010827
111000 26.607667695870017
112000 26.528088263160317
113000 26.70529532918958
114000 26.52046834503856
115000 26.601493663295532
116000 26.648621158643984
117000 26.603176311148868
118000 26.611362323776376
119000 26.543072077464057
120000 26.693220907760217
121000 26.641067351943537
122000 26.536920674269393
123000 26.55008849063814
124000 26.570568203107957
125000 26.52672697359913
126000 26.554984995161178
127000 26.46826858618788
128000 26.56749703512012
129000 26.701682582992632
130000 26.506287617273973
131000 26.60018990560003
132000 26.543189753598636
133000 26.543439511679914
134000 26.63847022690341
135000 26.59992021772961
136000 26.62522205647207
137000 26.56068462359201
138000 26.521217441467606
139000 26.525908423082715
140000 26.666549771270432
141000 26.600318383768187
142000 26.586488096768086
143000 26.602389997439033
144000 26.47945363025622
145000 26.64682868677048
146000 26.581254220913426
147000 26.527152583651535
148000 26.501192004287034
149000 26.529574577586196
150000 26.44685034418593
151000 26.687249822826008
152000 26.65888478024292
153000 26.50716249789104
154000 26.559676592701507
155000 26.426803410110452
156000 26.530930132116147
157000 26.545994303177547
158000 26.501120588419358
159000 26.603048130893537
160000 26.55798718977431
161000 26.599133046620373
162000 26.646306941578892
163000 26.51947514660031
164000 26.568848426676208
165000 26.656866607713702
166000 26.47552597005694
167000 26.67573601647454
168000 26.690675497578148
169000 26.521312573664183
170000 26.55175206646438
171000 26.640678378879368
172000 26.57225514508643
173000 26.568474273454093
174000 26.649432327348798
175000 26.6647018526376
176000 26.70183855323074
177000 26.610655101256015
178000 26.606590043677365
179000 26.562868828782374
180000 26.611505555216556
181000 26.609659856620876
182000 26.583250611755293
183000 26.54721869713321
184000 26.502969525256702
185000 26.441844768908577
186000 26.574921935786247
187000 26.49942244853185
188000 26.545429573717715
189000 26.65249900480878
190000 26.728332251427414
191000 26.58767052544935
192000 26.605210171594663
193000 26.505591182097906
194000 26.632362389511414
195000 26.642417806099072
196000 26.493763820848613
197000 26.570123165412287
198000 26.654027956574073
199000 26.446561848012536
200000 26.612569115651343
201000 26.687018206723423
202000 26.54507809439001
203000 26.698097455477757
204000 26.654627969078263
205000 26.492292489077357
206000 26.497091266862807
207000 26.659808401260676
208000 26.564084648955752
209000 26.648655261428555
210000 26.590845757829427
211000 26.57612256351054
212000 26.51110075059058
213000 26.546020297381876
214000 26.614221635348823
215000 26.5844138873588
216000 26.638661496699452
217000 26.568581386411132
218000 26.551360928994374
219000 26.525242424877074
220000 26.610496898478537
221000 26.57956222565833
222000 26.58459698494941
223000 26.584698211249698
224000 26.518226618984706
225000 26.53067625181256
226000 26.52474423497538
227000 26.648515859405617
228000 26.57035548499701
229000 26.592754182095423
230000 26.569132687131727
231000 26.564056996557326
232000 26.624307318370203
233000 26.536526287080104
234000 26.417695342197465
235000 26.625243379803738
236000 26.576394108782406
237000 26.637095732067237
238000 26.482300949749803
239000 26.56791075489072
240000 26.48893722774366
241000 26.533705109292093
242000 26.550811504311213
243000 26.698786726112537
244000 26.5252700917317
245000 26.648825716724968
246000 26.609201089684323
247000 26.564601980678457
248000 26.565821433122895
249000 26.547925530756505
250000 26.582334898749686
251000 26.7303326516296
252000 26.467332731703618
253000 26.605384998772163
254000 26.569872951590174
255000 26.682734197349127
256000 26.494681438251785
257000 26.703697545616404
258000 26.448417431498903
259000 26.48219247535459
260000 26.51240938237567
261000 26.519054219229034
262000 26.541087062661866
263000 26.546711776133
264000 26.589552193559438
265000 26.57895605397351
266000 26.541756106628934
267000 26.63438549220125
268000 26.64726627203843
269000 26.50809777525067
270000 26.598684269803513
271000 26.62205476937532
272000 26.53756594162126
273000 26.499605678818927
274000 26.544846144681472
275000 26.54676492268479
276000 26.54936968437347
277000 26.736148711207452
278000 26.552412659011498
279000 26.594946930031696
280000 26.526526057839636
281000 26.620621534403345
282000 26.5449002061309
283000 26.609033522001212
284000 26.415042230948824
285000 26.476552907550552
286000 26.606971375500418
287000 26.546975832997777
288000 26.446122234950042
289000 26.544429774163408
290000 26.655014352978775
291000 26.523126025662243
292000 26.567398840927954
293000 26.511211003908365
294000 26.47158702542006
295000 26.715498477750906
296000 26.533535331174672
297000 26.552261144782197
298000 26.50959789700446
299000 26.585053799627897
300000 26.495347129580637
301000 26.579055968961693
302000 26.469847922943373
303000 26.548932034082434
304000 26.447707405457905
305000 26.598592544909245
306000 26.636131524874784
307000 26.610650517505583
308000 26.603473105360194
309000 26.444778917262468
310000 26.53237694899003
311000 26.575753106503576
312000 26.556370338681123
313000 26.636717138776746
314000 26.61036467216207
315000 26.364247777003406
316000 26.592125047916337
317000 26.50288328252501
318000 26.56129220916837
319000 26.61861356286717
320000 26.58102726364823
321000 26.61955136982013
322000 26.57158456682181
323000 26.500005987727466
324000 26.440310783590117
325000 26.529576997469455
326000 26.36493689636714
327000 26.588229346775563
328000 26.535209027528488
329000 26.62733951584665
330000 26.647874617613958
331000 26.515617114248293
332000 26.53619612977067
333000 26.679327951852294
334000 26.57537616892921
335000 26.51295625497642
336000 26.434056878331635
337000 26.534845080418343
338000 26.547844184622733
339000 26.626262229218653
340000 26.553857335185207
341000 26.590313733112538
342000 26.61490464873204
343000 26.443604986996526
344000 26.505603126279826
345000 26.651438688077725
346000 26.61634053104359
347000 26.627562591378542
348000 26.505089667562768
349000 26.508902489660702
350000 26.533683903644512
351000 26.542223540450752
352000 26.546695601956507
353000 26.555206960771645
354000 26.504196211302027
355000 26.50875735717788
356000 26.50490696938191
357000 26.60409536045146
358000 26.612665881868747
359000 26.653373079500657
360000 26.671588463652686
361000 26.65839273858335
362000 26.649535535380128
363000 26.563689859800817
364000 26.54765143655447
365000 26.484715871799057
366000 26.659135225077126
367000 26.48022071536025
368000 26.606697379623288
369000 26.56231310175988
370000 26.614602132807416
371000 26.528020403134068
372000 26.495287755707032
373000 26.605515483169288
374000 26.530733861558897
375000 26.656627048174666
376000 26.50437851893414
377000 26.599264367687073
378000 26.628666971576923
379000 26.456398887615958
380000 26.604556125206344
381000 26.49013619036137
382000 26.516760815753326
383000 26.548272430463783
384000 26.685042999888115
385000 26.52477483163456
386000 26.599399263753003
387000 26.458279667604515
388000 26.670600977621532
389000 26.54387839155791
390000 26.483401960014486
391000 26.504861285819036
392000 26.560442525434652
393000 26.478663585432898
394000 26.665348255270263
395000 26.60455727504935
396000 26.470219794473522
397000 26.705420601887887
398000 26.523566594853996
399000 26.43947526690502
400000 26.542058609323703
401000 26.598343087421046
402000 26.5494868858991
403000 26.463079005781143
404000 26.58540840839381
405000 26.590272030978838
406000 26.583524157906194
407000 26.58076934329557
408000 26.713101947958368
409000 26.51991427184231
410000 26.51264082068113
411000 26.707584313074747
412000 26.58621297405668
413000 26.538740873505976
414000 26.627059700571298
415000 26.75365590066072
416000 26.49180734015645
417000 26.578473858324262
418000 26.601570690300544
419000 26.496261129156096
420000 26.553595063059507
421000 26.49284571548008
422000 26.540153740395745
423000 26.68685805157768
424000 26.55810443459697
425000 26.623239408488896
426000 26.61878582884608
427000 26.596134127151952
428000 26.536238139879675
429000 26.59967588003963
430000 26.44337943882629
431000 26.570791837162076
432000 26.614438173880455
433000 26.412781388568572
434000 26.52780674942981
435000 26.557562056326578
436000 26.613413926465796
437000 26.529765631030152
438000 26.546271756216534
439000 26.53132852158317
440000 26.64063869226114
441000 26.483168737214495
442000 26.504116604658286
443000 26.507434145296244
444000 26.6498955930774
445000 26.558960277757453
446000 26.509883420087874
447000 26.61719388650819
448000 26.647154665720194
449000 26.575549868315765
450000 26.536930660810793
451000 26.562065663980285
452000 26.612676893491532
453000 26.5705999258407
454000 26.64395037421123
455000 26.545632031268873
456000 26.596639686000234
457000 26.556382322938163
458000 26.569027495587086
459000 26.51249989126878
460000 26.666811057899434
461000 26.636843199124996
462000 26.530597766457596
463000 26.605384605727906
464000 26.596810388960925
465000 26.62442653920443
466000 26.598931170897945
467000 26.54149878379233
468000 26.581945312826424
469000 26.574658654424745
470000 26.571515793423274
471000 26.65867144037041
472000 26.597891679863437
473000 26.516719720424458
474000 26.490557031159685
475000 26.613811656591057
476000 26.508890912772177
477000 26.60069155447906
478000 26.57805681135479
479000 26.46451759297014
480000 26.67797995471479
481000 26.474966894210684
482000 26.62357345595212
483000 26.62427653590375
484000 26.703057800930434
485000 26.583707716065643
486000 26.60585335950421
487000 26.695844942965234
488000 26.539754530187803
489000 26.56874920531219
490000 26.513782181998806
491000 26.56964388624914
492000 26.667614503895873
493000 26.544557525646397
494000 26.671950786931237
495000 26.577656172633766
496000 26.602577956478495
497000 26.60145988077834
498000 26.52202109623887
499000 26.694066276889547
500000 26.511167429622166
501000 26.62733110785199
502000 26.537304394800838
503000 26.57238725291627
504000 26.50775048529447
505000 26.63625022274292
506000 26.586613252367105
507000 26.50210847418356
508000 26.484612466453424
509000 26.509524650560508
510000 26.540084366229706
511000 26.6104035532633
512000 26.615363682318222
513000 26.604562654901024
514000 26.412966984248477
515000 26.60336679302257
516000 26.523790961050466
517000 26.595265528301088
518000 26.577842277631284
519000 26.56377361396814
520000 26.58523621111411
521000 26.633996390613525
522000 26.55890872745636
523000 26.538318607073023
524000 26.563075722875762
525000 26.528964966430927
526000 26.553717128199818
527000 26.607597076492535
528000 26.616393591293047
529000 26.629686493056205
530000 26.467856146127446
531000 26.450832968114188
532000 26.45275869444701
533000 26.536996339410365
534000 26.52141554929342
535000 26.70622224477051
536000 26.474840102487946
537000 26.537667717013488
538000 26.57461893389154
539000 26.559795524705493
540000 26.53684514043239
541000 26.524293090757663
542000 26.549323770072466
543000 26.57776687931844
544000 26.566341771613704
545000 26.610872869804204
546000 26.589461186309347
547000 26.59634468599927
548000 26.626120676309206
549000 26.655344110510075
550000 26.654176316520815
551000 26.572813024480176
552000 26.69035568852911
553000 26.696460761037144
554000 26.495615989364854
555000 26.46607591334338
556000 26.639951105815648
557000 26.54435832884281
558000 26.5769386839766
559000 26.645327786055685
560000 26.5835579372002
561000 26.541044223947978
562000 26.752183298801338
563000 26.63610987553392
564000 26.605503653952695
565000 26.604874989556084
566000 26.48513262996738
567000 26.606727215378466
568000 26.55272744057508
569000 26.604457338085457
570000 26.482274483668128
571000 26.53865523727515
572000 26.55707708717732
573000 26.589241564954403
574000 26.454175981310176
575000 26.534056037219553
576000 26.52915217237242
577000 26.588033826332044
578000 26.53317351750618
579000 26.580826398777614
580000 26.63338850182713
581000 26.46828376113041
582000 26.564262753274647
583000 26.522889293846045
584000 26.593608259261146
585000 26.488345104790362
586000 26.557824143547148
587000 26.603129375283554
588000 26.428438908102702
589000 26.526332355576063
590000 26.514327823473753
591000 26.53991329181964
592000 26.559451582971
593000 26.508982101757088
594000 26.59966032998075
595000 26.36839030759329
596000 26.55404349545106
597000 26.538562945087623
598000 26.47360713116062
599000 26.567452503339645
600000 26.509022292514345
601000 26.484932348270444
602000 26.516642793751526
603000 26.559461183518113
604000 26.498942825569472
605000 26.53760949716311
606000 26.6254918571408
607000 26.530592945607438
608000 26.592328230534132
609000 26.52360716822571
610000 26.51388002101176
611000 26.639171480023293
612000 26.538484316749702
613000 26.578848523668174
614000 26.58105520341553
615000 26.56358950781018
616000 26.53600747491949
617000 26.699334097362065
618000 26.49983750618881
619000 26.511024081068783
620000 26.629598044874058
621000 26.660878464523737
622000 26.47082860522351
623000 26.545879442785967
624000 26.49863693514874
625000 26.61030023033356
626000 26.521569825581174
627000 26.522650161887217
628000 26.515800207803192
629000 26.72147569946217
630000 26.606893993932665
631000 26.660584352474466
632000 26.58389863108763
633000 26.685315158624924
634000 26.484527367622682
635000 26.484984321858384
636000 26.490223526829926
637000 26.64182373723692
638000 26.670216397911126
639000 26.554016118230656
640000 26.53228160190407
641000 26.62907489306634
642000 26.580544062398946
643000 26.433637381777977
644000 26.507607365874772
645000 26.512837964666872
646000 26.589433284555813
647000 26.59884801674066
648000 26.5568424452977
649000 26.62862390043292
650000 26.685076972438114
651000 26.547104085758974
652000 26.561245713730298
653000 26.671554734843884
654000 26.449671032612358
655000 26.74320132793627
656000 26.554832213420017
657000 26.59233504186261
658000 26.617130288731516
659000 26.578756789833207
660000 26.525821152662374
661000 26.629230686260165
662000 26.594121342737186
663000 26.51083380336115
664000 26.484061705570095
665000 26.533661232127134
666000 26.612435583818627
667000 26.50418875005778
668000 26.6048581026933
669000 26.54955052399206
670000 26.538974368653328
671000 26.612704013438627
672000 26.539399474555257
673000 26.47779589189632
674000 26.461250907883624
675000 26.61132480937795
676000 26.62052997479016
677000 26.59466775005385
678000 26.516693020624526
679000 26.556236456098933
680000 26.66114077444828
681000 26.65648798768786
682000 26.47227201449528
683000 26.60274632362099
684000 26.629237119554546
685000 26.624447621260053
686000 26.710580600056957
687000 26.587852334493967
688000 26.494962148745053
689000 26.48195642383291
690000 26.547781066199274
691000 26.638712224037114
692000 26.53387644443496
693000 26.42950201514468
694000 26.572242263214875
695000 26.540421640883824
696000 26.604919736079708
697000 26.66439681492907
698000 26.6157503189643
699000 26.4851735715024
700000 26.634802420734903
701000 26.643009878139917
702000 26.533257723512104
703000 26.541696410369497
704000 26.48186659051156
705000 26.566370871487162
706000 26.545229501803774
707000 26.593261732149834
708000 26.521322666934836
709000 26.39752221696182
710000 26.609975996065963
711000 26.561140411217004
712000 26.533810312916515
713000 26.604558889647173
714000 26.5853246634305
715000 26.524827352398763
716000 26.618230322161203
717000 26.620299797003923
718000 26.62602027017867
719000 26.42955691459173
720000 26.51980732444537
721000 26.564302135269703
722000 26.524481538035168
723000 26.589392856586215
724000 26.520880089763107
725000 26.5385452634419
726000 26.714843563783486
727000 26.50296814949195
728000 26.508599124731024
729000 26.571406069175907
730000 26.546530050900973
731000 26.52425433323349
732000 26.601802403079322
733000 26.50646994725208
734000 26.60608347539771
735000 26.617422889647376
736000 26.59650958625917
737000 26.555804833806214
738000 26.537726652676803
739000 26.58918413082214
740000 26.560271247383696
741000 26.624095634311555
742000 26.528893931565428
743000 26.51639236419943
744000 26.61707217903037
745000 26.623940996823116
746000 26.51745626379078
747000 26.59887976775747
748000 26.63615744647276
749000 26.673393979114557
750000 26.58681067931687
751000 26.64118303077562
752000 26.651643465913608
753000 26.577885582023843
754000 26.57819229492834
755000 26.595993915977246
756000 26.541887276608893
757000 26.532782450932253
758000 26.671089941718858
759000 26.558197980879218
760000 26.69397031325148
761000 26.59355542543559
762000 26.535612306978283
763000 26.510860147260114
764000 26.56707493828216
765000 26.523908000277196
766000 26.64865550103123
767000 26.666611088588912
768000 26.495326615626958
769000 26.687671676802992
770000 26.51304739348079
771000 26.59172397742228
772000 26.586096615565616
773000 26.640070582932648
774000 26.539834182155325
775000 26.52032781522218
776000 26.591331665078865
777000 26.57547801343548
778000 26.64248901035432
779000 26.61080714739635
780000 26.673674615679882
781000 26.59680816174431
782000 26.684895066384108
783000 26.531591018891724
784000 26.41686425692199
785000 26.47428265702288
786000 26.62672388988039
787000 26.47154551512963
788000 26.40729509321966
789000 26.545660821182164
790000 26.556927936702742
791000 26.546865863348483
792000 26.552322950548906
793000 26.45485448196978
794000 26.6030468248893
795000 26.440094972644534
796000 26.579415219852184
797000 26.59504944242175
798000 26.595108352135707
799000 26.504953744537385
800000 26.638091124052348
801000 26.54728328319608
802000 26.650769711731005
803000 26.660382845644843
804000 26.57825685300406
805000 26.594082666372152
806000 26.56096588394002
807000 26.6126070876071
808000 26.6124196088379
809000 26.65487635356216
810000 26.543999122575173
811000 26.52277867258464
812000 26.55816111584014
813000 26.52830916892109
814000 26.521824666461637
815000 26.59322117915112
816000 26.604506670872663
817000 26.59406919240932
818000 26.46011890872892
819000 26.46044778151046
820000 26.555978361047558
821000 26.641709106348262
822000 26.473169553172067
823000 26.486815357803557
824000 26.517965736838534
825000 26.59479795233592
826000 26.485208468080597
827000 26.606998918268282
828000 26.56657488241715
829000 26.581999892560876
830000 26.44764180737411
831000 26.517379872647474
832000 26.590928998882134
833000 26.549434281583583
834000 26.502157327674013
835000 26.63040608227606
836000 26.44731045687178
837000 26.543112752070524
838000 26.653042435458595
839000 26.53897942297812
840000 26.524627535125084
841000 26.63656896342177
842000 26.741000938382115
843000 26.574960771380624
844000 26.640333971016343
845000 26.58373785673272
846000 26.530499105236466
847000 26.581063523835528
848000 26.56299014760035
849000 26.69699804112727
850000 26.502851292226485
851000 26.661219022205362
852000 26.53753886905309
853000 26.578820607342397
854000 26.571105258414914
855000 26.464635576480024
856000 26.586885907313693
857000 26.506629478923355
858000 26.54095069340965
859000 26.58680268670732
860000 26.612597850259316
861000 26.515351026584728
862000 26.55788337441123
863000 26.645573335438563
864000 26.53972427888571
865000 26.57740186060648
866000 26.656639091000823
867000 26.506759784603318
868000 26.51939210548278
869000 26.661871764239766
870000 26.57291883097176
871000 26.612562569247142
872000 26.667172982614108
873000 26.531748231853097
874000 26.58676923352396
875000 26.592574813473018
876000 26.54425894490232
877000 26.504672583448787
878000 26.516654797073397
879000 26.522383252788778
880000 26.56261023525298
881000 26.7002837699018
882000 26.582041034619238
883000 26.5407779165657
884000 26.514086859897784
885000 26.553430419778593
886000 26.70364707405437
887000 26.54825580340037
888000 26.519852919513102
889000 26.521496183913104
890000 26.520145451075464
891000 26.636026425193922
892000 26.50894019833389
893000 26.53730181281713
894000 26.651411666672537
895000 26.683170058205953
896000 26.62083962038103
897000 26.46243713075917
898000 26.542037913293626
899000 26.49009492207756
900000 26.52578503696899
901000 26.549187623981453
902000 26.628693732836556
903000 26.499224732160094
904000 26.548532459573078
905000 26.573916373904062
906000 26.560890492161267
907000 26.557326553717417
908000 26.576778986063918
909000 26.611558036414547
910000 26.65417100289872
911000 26.61611065348293
912000 26.53375092197813
913000 26.49414686095478
914000 26.575931547783064
915000 26.558069749085735
916000 26.651634639097626
917000 26.436761445849246
918000 26.749389670460044
919000 26.626562329955764
920000 26.509634057352233
921000 26.546609185038854
922000 26.59452265350103
923000 26.40778544857647
924000 26.547260811438537
925000 26.585525117167432
926000 26.579895849668215
927000 26.52750095309492
928000 26.70675669395939
929000 26.642818737614633
930000 26.449643132315416
931000 26.53922761278255
932000 26.680419580357903
933000 26.459602752753888
934000 26.58853038378099
935000 26.583540779580247
936000 26.537931985427225
937000 26.505790004793592
938000 26.592591115778006
939000 26.48326242797101
940000 26.55506382508777
941000 26.66547580962666
942000 26.508633241749045
943000 26.566299616213854
944000 26.551230537445043
945000 26.699337706103847
946000 26.689194934581003
947000 26.579389814540118
948000 26.488480685711696
949000 26.509980951946535
950000 26.48620442259857
951000 26.442687647507768
952000 26.656530982194923
953000 26.59533676146583
954000 26.505763122322023
955000 26.587189380207647
956000 26.560205585387536
957000 26.554190277482178
958000 26.643817942094095
959000 26.51116307373689
960000 26.706791316457114
961000 26.54364927706985
962000 26.53978538835758
963000 26.549212994331178
964000 26.548634432893838
965000 26.560313781716967
966000 26.57680328861493
967000 26.511422642101806
968000 26.543940100005532
969000 26.61203746629464
970000 26.631142325955807
971000 26.55982781847871
972000 26.57155952578189
973000 26.619649688738562
974000 26.444138997701604
975000 26.759028282830602
976000 26.65537279765635
977000 26.48048019292586
978000 26.669015483631437
979000 26.638961631697544
980000 26.58997778495934
981000 26.711197870803574
982000 26.673245563130035
983000 26.532659491587857
984000 26.531343880206748
985000 26.575493546874746
986000 26.564818088600013
987000 26.631397009407756
988000 26.44081303183838
989000 26.617233344577787
990000 26.510767647630892
991000 26.598942388705023
992000 26.524637396018772
993000 26.52488329132447
994000 26.496724812027033
995000 26.65431516412149
996000 26.54040010975507
997000 26.529389701898253
998000 26.65527929120326
999000 26.582525122991427
1000000 26.635030656361526
