0 24.387447178980956
1000 24.32904522963793
2000 24.356559928380424
3000 24.32474793359805
4000 24.35830972878906
5000 24.321752562358242
6000 24.40655027579236
7000 24.340561443835103
8000 24.318564998746616
9000 24.325273234099374
10000 24.362004817437597
11000 24.363825480776644
12000 24.290637532890134
13000 24.354469231619678
14000 24.327228776731832
15000 24.381457578313288
16000 24.336577299727548
17000 24.28260960042136
18000 24.33450839579829
19000 24.34779208613174
20000 24.320101138885246
21000 24.389118020166748
22000 24.375192417384383
23000 24.323372865449073
24000 24.35191649151542
25000 24.31076640419858
26000 24.37382213208926
27000 24.333127750175553
28000 24.353338491606884
29000 24.300917510983705
30000 24.366245224596252
31000 24.302185924533294
32000 24.35833926467145
33000 24.329979080887814
34000 24.371962624226715
35000 24.328518534772698
36000 24.29661243472547
37000 24.270730296779597
38000 24.33904186531168
39000 24.27573267443132
40000 24.29005120757949
41000 24.34405388315289
42000 24.332498781964944
43000 24.343817336574695
44000 24.33998438350124
45000 24.36332592825647
46000 24.38221669066292
47000 24.319439012083777
48000 24.419475717304955
49000 24.34426686185597
50000 24.300493567455366
51000 24.358048292031377
52000 24.28669001284235
53000 24.316069282060408
54000 24.352309501308923
55000 24.282948907242524
56000 24.28545183241304
57000 24.349860658673723
58000 24.31170452566154
59000 24.34275347380541
60000 24.349941457719755
61000 24.312265099165685
62000 24.303486643033494
63000 24.364680561740034
64000 24.348100489982667
65000 24.388805971378947
66000 24.376139328525163
67000 24.326023565543053
68000 24.331033927636177
69000 24.271286571755386
70000 24.277366731612144
71000 24.31442606968913
72000 24.317455604785078
73000 24.362508565133602
74000 24.36015529572474
75000 24.327723542360964
76000 24.289161074393686
77000 24.25004993716688
78000 24.352758774761185
79000 24.315664396796258
80000 24.321520402007014
81000 24.33650648709882
82000 24.276364086135988
83000 24.34080234176149
84000 24.32664260929078
85000 24.287235991961172
86000 24.41682668573545
87000 24.310441589226603
88000 24.395701541320115
89000 24.362090464773832
90000 24.37921391147867
91000 24.36219393758099
92000 24.28258504773298
93000 24.31754995775281
94000 24.29198576214697
95000 24.28526093641492
96000 24.315557856528926
97000 24.294946570693554
98000 24.332614335474123
99000 24.358171821637303
100000 24.303744456145576
101000 24.347348785215814
102000 24.29396676734739
103000 24.296083692244405
104000 24.3622737634442
105000 24.343331034440777
106000 24.409032930758087
107000 24.362769163827306
108000 24.32157855045356
109000 24.247142697168428
110000 24.347571924802853
111000 24.362405655059177
112000 24.330548930118276
113000 24.343203154807817
114000 24.269907081132583
115000 24.31492021249087
116000 24.416279003063472
117000 24.296145864134186
118000 24.390472407401216
119000 24.289482242162805
120000 24.340503827190958
121000 24.32701725764271
122000 24.347966397241375
123000 24.319060743522904
124000 24.29795000308715
125000 24.306986198137306
126000 24.260271574061438
127000 24.330298743727113
128000 24.322724597091145
129000 24.29264354904772
130000 24.27094388347398
131000 24.23674361818826
132000 24.29811325592439
133000 24.326405620712748
134000 24.344593346146794
135000 24.323040504853605
136000 24.307012969197796
137000 24.329174505550736
138000 24.319716443495395
139000 24.28894132057118
140000 24.397169041853722
141000 24.35651611664551
142000 24.369732148377338
143000 24.398672819989148
144000 24.315404719326335
145000 24.31296963834465
146000 24.316656092523477
147000 24.279169355311176
148000 24.36572729377728
149000 24.2440514183271
150000 24.365036691924335
151000 24.391785352065824
152000 24.353082659219584
153000 24.328877843119283
154000 24.36310252083938
155000 24.32568658856024
156000 24.401768721149207
157000 24.30591013246621
158000 24.32416852528136
159000 24.28781772268354
160000 24.299069538259623
161000 24.269256848624174
162000 24.32920365082328
163000 24.285282277076714
164000 24.31227330128716
165000 24.295388912993605
166000 24.318118714886573
167000 24.34208674620022
168000 24.280138521603938
169000 24.333309592175624
170000 24.345349852247242
171000 24.305674958524726
172000 24.265291675086807
173000 24.40711090520362
174000 24.305771794731186
175000 24.270379025956558
176000 24.328330299245756
177000 24.350091847978216
178000 24.31368824034682
179000 24.301736195592238
180000 24.364444179944996
181000 24.320704698596852
182000 24.35955834585263
183000 24.228586602368487
184000 24.296715288644375
185000 24.239756075157228
186000 24.348912134908954
187000 24.293379243914668
188000 24.345469313949152
189000 24.34868576511043
190000 24.342060836862952
191000 24.3669744299391
192000 24.3409995268508
193000 24.25896412325321
194000 24.357556678696017
195000 24.323291919844003
196000 24.303771354638506
197000 24.285244226467732
198000 24.31769181079925
199000 24.331402489520322
200000 24.317569159900597
201000 24.291339667681562
202000 24.32601712420959
203000 24.3163461496248
204000 24.35327075693214
205000 24.370476755251605
206000 24.35245155228288
207000 24.296967181294274
208000 24.368308435192066
209000 24.325186825300708
210000 24.275292485959238
211000 24.31815252438436
212000 24.318814743568165
213000 24.320908253394077
214000 24.306401334419565
215000 24.350982395757978
216000 24.338864916412785
217000 24.38125712894213
218000 24.372441478813364
219000 24.32739605279228
220000 24.292667924822407
221000 24.291957038360547
222000 24.252647470875097
223000 24.354636647479065
224000 24.316448548023864
225000 24.361306212330717
226000 24.361502407748496
227000 24.33575359163167
228000 24.315266066412246
229000 24.36254136165212
230000 24.30613833444748
231000 24.301510340443603
232000 24.31343568060064
233000 24.34240221949974
234000 24.332962158374812
235000 24.278328462782195
236000 24.31887826208635
237000 24.331407485504247
238000 24.295663143989334
239000 24.368138982162552
240000 24.33771647321521
241000 24.359583900021544
242000 24.271832744023037
243000 24.34492568395318
244000 24.394468787711237
245000 24.341210943583796
246000 24.33537901183532
247000 24.31549875058171
248000 24.372749133890373
249000 24.36668913215665
250000 24.28340019755059
251000 24.328229315673045
252000 24.307619630232047
253000 24.27941754536469
254000 24.3004348408793
255000 24.395071483583685
256000 24.290516410313003
257000 24.374775443347307
258000 24.312382159417485
259000 24.355536706350506
260000 24.343993766811764
261000 24.343104500957157
262000 24.308060166839578
263000 24.365169778493673
264000 24.334168619210537
265000 24.26985863272473
266000 24.319405743237045
267000 24.29973341575657
268000 24.330510053797173
269000 24.34080852230649
270000 24.33342885825508
271000 24.286615931653213
272000 24.27826345523455
273000 24.333971978006524
274000 24.35275180179261
275000 24.30390815337064
276000 24.316727648327166
277000 24.33698684217493
278000 24.336027966347643
279000 24.344546146472048
280000 24.35331175131153
281000 24.39812313122824
282000 24.332545300602618
283000 24.321445687505616
284000 24.30035134164176
285000 24.30852757068607
286000 24.28788139634111
287000 24.292994605395066
288000 24.29659076665498
289000 24.30138416355598
290000 24.31508384477543
291000 24.392946001870126
292000 24.33779427809659
293000 24.328096618744414
294000 24.29488908004153
295000 24.3679818460477
296000 24.314846310965173
297000 24.293368027429004
298000 24.316345316035324
299000 24.398485662751177
300000 24.307627348708667
301000 24.305105541016435
302000 24.314149841600713
303000 24.33973307205862
304000 24.401326724697924
305000 24.363086209846657
306000 24.361320244114093
307000 24.330783550948375
308000 24.351090401712295
309000 24.31966120321737
310000 24.319878952997435
311000 24.332830494084707
312000 24.343946906823295
313000 24.36186745061475
314000 24.325318894815208
315000 24.246422386516006
316000 24.33866248585221
317000 24.329048896086178
318000 24.37260904698063
319000 24.27711454750545
320000 24.325268117812133
321000 24.349804225805055
322000 24.225969818840507
323000 24.29065404340988
324000 24.293603370090636
325000 24.319481792264394
326000 24.311249409024224
327000 24.290031843505243
328000 24.295025882370677
329000 24.346160069015284
330000 24.379784809580276
331000 24.269414754144126
332000 24.33143138495241
333000 24.329955473903105
334000 24.308339785521483
335000 24.33056956747252
336000 24.384737090259925
337000 24.320700863871785
338000 24.35174025506038
339000 24.327966882071866
340000 24.37889372090743
341000 24.34539501325556
342000 24.38221713382559
343000 24.32320794297192
344000 24.35873768990016
345000 24.379903721140018
346000 24.325312067284962
347000 24.36699716299186
348000 24.371241737031568
349000 24.366704684020092
350000 24.362541076678074
351000 24.357015596257636
352000 24.337788040437662
353000 24.366219550337245
354000 24.400662409401466
355000 24.390957304049937
356000 24.312046888913407
357000 24.352167145137884
358000 24.368970588386095
359000 24.330781071021352
360000 24.3462673965611
361000 24.416721668687362
362000 24.270761829242584
363000 24.3649228888044
364000 24.35835158019593
365000 24.292946911086688
366000 24.30634563527675
367000 24.33572851967598
368000 24.32852973375527
369000 24.386800313421958
370000 24.333287652487968
371000 24.304211768401977
372000 24.366028540183652
373000 24.329625967075227
374000 24.268729987793094
375000 24.32854676894241
376000 24.308130450825022
377000 24.352643106329662
378000 24.2716943191668
379000 24.349108324265423
380000 24.30852702832449
381000 24.329556669252863
382000 24.294228437634835
383000 24.319785700408282
384000 24.335700963561724
385000 24.29390902007324
386000 24.355238961504146
387000 24.31506298831501
388000 24.280698324675843
389000 24.264525457287863
390000 24.296846820862235
391000 24.354598006881478
392000 24.382726665946326
393000 24.29005532977694
394000 24.340918776921647
395000 24.333240637463962
396000 24.333062003876734
397000 24.372554176231525
398000 24.346336884233576
399000 24.383936583747555
400000 24.320282407265562
401000 24.436150300717284
402000 24.291009583499815
403000 24.29702699207937
404000 24.31225079922309
405000 24.32284665508012
406000 24.32630242141471
407000 24.289158576693556
408000 24.274093390268337
409000 24.3486160500007
410000 24.29715107198123
411000 24.31541351903428
412000 24.333420126885045
413000 24.278864458618536
414000 24.37055924921792
415000 24.388333162799203
416000 24.384490100620447
417000 24.289466309778536
418000 24.326872573956518
419000 24.36530034367697
420000 24.348338366907832
421000 24.387501886463568
422000 24.32739646503712
423000 24.347740901101535
424000 24.346485125084694
425000 24.276852965524245
426000 24.308670382668307
427000 24.27910781617318
428000 24.303141674088067
429000 24.300979839195275
430000 24.27867114333613
431000 24.256706312683953
432000 24.32898746817709
433000 24.27830685642707
434000 24.324264212672052
435000 24.36371168366289
436000 24.362966602839972
437000 24.30056678982293
438000 24.316521265225926
439000 24.362207055499336
440000 24.330825754215777
441000 24.35035449589488
442000 24.300472748433016
443000 24.35767348846961
444000 24.331631609232222
445000 24.35024521411675
446000 24.339400818904934
447000 24.407575331904557
448000 24.32091178812771
449000 24.310772142337218
450000 24.381419323003545
451000 24.308328764831433
452000 24.34378920442743
453000 24.286570429437905
454000 24.30315100790355
455000 24.334496112493945
456000 24.32490306994331
457000 24.3270958874311
458000 24.32526463680225
459000 24.351649691340313
460000 24.367488105238323
461000 24.344154886263137
462000 24.315253735364937
463000 24.340665931983754
464000 24.343848463482743
465000 24.34125013763456
466000 24.316853363219323
467000 24.300999595508813
468000 24.284747189951215
469000 24.31303724196127
470000 24.39527033742567
471000 24.35374917523856
472000 24.33546657634371
473000 24.366420739141613
474000 24.291083790912985
475000 24.318229745055426
476000 24.35827124841715
477000 24.313120023447695
478000 24.368239494974105
479000 24.36528496620702
480000 24.286434937521975
481000 24.342964477661813
482000 24.32076096697582
483000 24.379969412437518
484000 24.323319609030897
485000 24.31661599909513
486000 24.23977327101662
487000 24.29217300246083
488000 24.265212879961773
489000 24.385442693296547
490000 24.300285235220677
491000 24.37802934456006
492000 24.42961897189773
493000 24.36889474022201
494000 24.365770525917426
495000 24.353782981550587
496000 24.38736449307504
497000 24.397914387169003
498000 24.36237570358489
499000 24.324899464867443
500000 24.364681511972584
501000 24.407605781724914
502000 24.358102399667498
503000 24.313007904710666
504000 24.355842254317665
505000 24.330472302075286
506000 24.325814205967443
507000 24.31362108643561
508000 24.406132654156433
509000 24.345115176468234
510000 24.319010413605017
511000 24.327015230590874
512000 24.337961654223896
513000 24.297894929262306
514000 24.28538960024116
515000 24.315242590451888
516000 24.246701090974252
517000 24.30932688046471
518000 24.298004126864637
519000 24.28316822590238
520000 24.230847777947396
521000 24.33850042284155
522000 24.275827723108684
523000 24.28144763370299
524000 24.31454538078574
525000 24.37105284908505
526000 24.288689805010197
527000 24.253188403533088
528000 24.305010837598484
529000 24.38846883320851
530000 24.318260800517333
531000 24.32330996012073
532000 24.371721742201107
533000 24.278653571977557
534000 24.362797004223108
535000 24.334161831214097
536000 24.301937368843987
537000 24.28953456046928
538000 24.348813098287128
539000 24.32011309809097
540000 24.237917888095613
541000 24.2781448729855
542000 24.287405434105462
543000 24.28378829756681
544000 24.343582001361128
545000 24.2831270386606
546000 24.36251785444767
547000 24.402343367804917
548000 24.375929538660866
549000 24.37040460603055
550000 24.25160564017696
551000 24.35070081302804
552000 24.319499370795175
553000 24.29371713662321
554000 24.3270727281583
555000 24.237788950598105
556000 24.276657497066825
557000 24.334286627836036
558000 24.309609423477994
559000 24.37145901914115
560000 24.30376798619889
561000 24.31246065549077
562000 24.299390542441877
563000 24.32628214268669
564000 24.348322806833284
565000 24.400158008593532
566000 24.35339453534704
567000 24.273858620383102
568000 24.26744458783202
569000 24.34926824524583
570000 24.348738965366284
571000 24.323805463611215
572000 24.36748898162597
573000 24.355170670998813
574000 24.299840221394373
575000 24.330363446236657
576000 24.301591514715522
577000 24.324832546494257
578000 24.25878932054922
579000 24.300061928437756
580000 24.32451706478067
581000 24.332624669828558
582000 24.338724062753343
583000 24.324408659270464
584000 24.31369542808187
585000 24.260125573146578
586000 24.263329132960255
587000 24.32125124364498
588000 24.345238422567753
589000 24.261463435149256
590000 24.33823565141601
591000 24.380679904178695
592000 24.31801972307836
593000 24.390015406277833
594000 24.344052441428815
595000 24.290015866348007
596000 24.288067692249335
597000 24.265978879248443
598000 24.343860970812926
599000 24.341643115285972
600000 24.3869521897335
601000 24.301138929942336
602000 24.33097649027377
603000 24.292938673131133
604000 24.269940601397913
605000 24.392036909819424
606000 24.253086614907836
607000 24.313160441940564
608000 24.243175714169706
609000 24.29820097465246
610000 24.311062628056003
611000 24.312738312491295
612000 24.3015459254802
613000 24.285921028865854
614000 24.301584093061187
615000 24.282819152727583
616000 24.35326823613811
617000 24.31175414529612
618000 24.288695854828035
619000 24.33807178009357
620000 24.284452557204485
621000 24.365346558667607
622000 24.328580002274922
623000 24.316261747221255
624000 24.373509235463892
625000 24.382621652148732
626000 24.332697778400597
627000 24.30770103096147
628000 24.288999120667285
629000 24.26645379662019
630000 24.333247239975588
631000 24.3657572897028
632000 24.315151378288675
633000 24.36401819194209
634000 24.295011745887827
635000 24.354139483193965
636000 24.313548081978695
637000 24.393138181772727
638000 24.33563291761506
639000 24.35315125001608
640000 24.32076045471101
641000 24.36438610355616
642000 24.42309422916428
643000 24.380910806555317
644000 24.36163476000676
645000 24.297919101714747
646000 24.327058557371586
647000 24.31697543419148
648000 24.257447365466398
649000 24.34410595529875
650000 24.305415799661873
651000 24.36395783594222
652000 24.34528671997725
653000 24.35997738041312
654000 24.282253580538278
655000 24.348467676504054
656000 24.319504736817592
657000 24.354512832150164
658000 24.318877298316224
659000 24.40425155248298
660000 24.346702392138837
661000 24.308113923650215
662000 24.351246536340643
663000 24.305928838559815
664000 24.347816685579964
665000 24.373213367965903
666000 24.301571598316695
667000 24.35806627443708
668000 24.42767997490241
669000 24.31241085661956
670000 24.3399571857727
671000 24.333456788201243
672000 24.376453628746123
673000 24.29977633220761
674000 24.367244574256926
675000 24.35573580619126
676000 24.323108308661677
677000 24.287764116359
678000 24.377993010199702
679000 24.311351307248376
680000 24.286460334601827
681000 24.3851886921189
682000 24.30721730542709
683000 24.293792621019406
684000 24.292694744172394
685000 24.32341213052293
686000 24.34660539999888
687000 24.318785005951728
688000 24.307379988500525
689000 24.34990806393106
690000 24.382324993361614
691000 24.334100923918715
692000 24.310338414445457
693000 24.336596441102593
694000 24.277880321521323
695000 24.26421484909689
696000 24.309550740562116
697000 24.328290490120242
698000 24.276261315763083
699000 24.346652075634204
700000 24.311099202334837
701000 24.262038403640535
702000 24.24814070529533
703000 24.3317798638971
704000 24.252347351899342
705000 24.3141985842357
706000 24.362375760953487
707000 24.30875994539268
708000 24.306053601998617
709000 24.319303514551454
710000 24.289750217269777
711000 24.2942687016463
712000 24.296007817404845
713000 24.306897050785103
714000 24.31975335230515
715000 24.31382308846146
716000 24.347880966727615
717000 24.343441805798808
718000 24.43262114946101
719000 24.368888608503923
720000 24.354027719396733
721000 24.413256912911965
722000 24.343973481265223
723000 24.345514654259645
724000 24.37626247178336
725000 24.352324480531724
726000 24.39181932664909
727000 24.326633628343668
728000 24.35820976956451
729000 24.310523960776123
730000 24.340509426335146
731000 24.317492764019562
732000 24.31584520711774
733000 24.27634419193523
734000 24.31489751927976
735000 24.328558048023012
736000 24.34795104152644
737000 24.319013782212384
738000 24.368928064435618
739000 24.29047679456432
740000 24.352882689502948
741000 24.32856496679141
742000 24.276785070168092
743000 24.34728757122277
744000 24.335109329410095
745000 24.289029303034248
746000 24.349659274020873
747000 24.32928290900912
748000 24.355369491923955
749000 24.32295951311607
750000 24.262475380666288
751000 24.251613448365347
752000 24.303160086235334
753000 24.324093052629305
754000 24.287429332336558
755000 24.293090753491793
756000 24.309270235194404
757000 24.31754813567685
758000 24.354274215640462
759000 24.328646183357296
760000 24.350691720293838
761000 24.310636089362085
762000 24.256942871925222
763000 24.310052026116026
764000 24.348885957496467
765000 24.350897573211153
766000 24.33869131507654
767000 24.38245096116675
768000 24.353579656592057
769000 24.35123876906474
770000 24.29305601079843
771000 24.354769575950684
772000 24.38587311271067
773000 24.37835927168666
774000 24.359637047589604
775000 24.416609539753416
776000 24.341171853914744
777000 24.36686969436202
778000 24.313534139513685
779000 24.371894490740996
780000 24.408977610039848
781000 24.365683150068957
782000 24.32648298252793
783000 24.389921643163717
784000 24.269904440765895
785000 24.32764040487455
786000 24.271564220500654
787000 24.296702206132622
788000 24.348757066863215
789000 24.274041120613237
790000 24.312035333971735
791000 24.32124432885333
792000 24.368009523663606
793000 24.325545215377375
794000 24.359640110324637
795000 24.311055374628157
796000 24.315646944060585
797000 24.294334622124268
798000 24.35792936957564
799000 24.338438195199792
800000 24.39947043507582
801000 24.279457790835256
802000 24.3601547069383
803000 24.358035693856678
804000 24.31988246813479
805000 24.32848865818584
806000 24.31577438164517
807000 24.29104153707884
808000 24.336908663011414
809000 24.30802251109507
810000 24.355077981443056
811000 24.27507175955956
812000 24.326218461702354
813000 24.372891333462956
814000 24.361671866213005
815000 24.361467201006565
816000 24.333765205925623
817000 24.357133347385524
818000 24.335783954363638
819000 24.382585503550708
820000 24.370288591551382
821000 24.316907420831622
822000 24.380767049736498
823000 24.35176139526915
824000 24.33114184749529
825000 24.365111863477384
826000 24.26550122516628
827000 24.357749585756935
828000 24.34928134087004
829000 24.362026800153142
830000 24.306767957085512
831000 24.291792789254096
832000 24.33407638581658
833000 24.319073706533846
834000 24.280666240826438
835000 24.296688306640164
836000 24.389247535910428
837000 24.38927341170521
838000 24.3602609840495
839000 24.36736699125953
840000 24.370969959233214
841000 24.348717045799408
842000 24.321514572193273
843000 24.344799632625907
844000 24.324567088025614
845000 24.358659898586396
846000 24.279427666578634
847000 24.348567343894363
848000 24.31304622664437
849000 24.3316703832471
850000 24.333026369477718
851000 24.324338847250512
852000 24.348374055768275
853000 24.320909588953608
854000 24.35118013470818
855000 24.327634504389724
856000 24.321952506072986
857000 24.335541503078858
858000 24.342392613284645
859000 24.31480620266011
860000 24.405119147741257
861000 24.355379296986936
862000 24.36697477544229
863000 24.326152365114957
864000 24.335130118233604
865000 24.337237862387294
866000 24.349971449861496
867000 24.26429558013099
868000 24.324619339014195
869000 24.343334723597675
870000 24.262815452560982
871000 24.289602870832333
872000 24.22329320772453
873000 24.287857801080214
874000 24.285061135053407
875000 24.355495005671603
876000 24.339254868053235
877000 24.30511725129486
878000 24.227806925905433
879000 24.299999202153938
880000 24.313855521963013
881000 24.34637916146975
882000 24.376440657235598
883000 24.320512520930478
884000 24.273594713633937
885000 24.27802708493569
886000 24.356928513738822
887000 24.319389710560873
888000 24.322454238851613
889000 24.335156260272164
890000 24.317311168547068
891000 24.322483624808815
892000 24.3484862544671
893000 24.284502995839567
894000 24.29606772860791
895000 24.288097442571242
896000 24.34754567003058
897000 24.318801192611986
898000 24.304367245451502
899000 24.336280374316363
900000 24.352193125158955
901000 24.401294521517563
902000 24.386518279254222
903000 24.310326344491934
904000 24.31588021479871
905000 24.394990360890713
906000 24.369441055014235
907000 24.342364570326787
908000 24.362062034683646
909000 24.329536500549935
910000 24.366309921601747
911000 24.383637647131525
912000 24.3295221837525
913000 24.353650873743526
914000 24.373325558287437
915000 24.330149324752036
916000 24.342145984392673
917000 24.30890592486233
918000 24.28951077972447
919000 24.339364700820628
920000 24.30163935339038
921000 24.35532047115506
922000 24.324365336168174
923000 24.28211542885328
924000 24.339245197065427
925000 24.295356358836788
926000 24.27986620630737
927000 24.274627987276546
928000 24.383534747276784
929000 24.307566705254878
930000 24.32530886166955
931000 24.38238291907563
932000 24.35663195285431
933000 24.284385181759866
934000 24.394100632894627
935000 24.338880321498518
936000 24.297321258967028
937000 24.340027748788277
938000 24.277725921020856
939000 24.310762156452203
940000 24.350038905620167
941000 24.35903192351992
942000 24.26194592880356
943000 24.332334605281723
944000 24.288048017058294
945000 24.27567506352863
946000 24.277340250518147
947000 24.322253305923372
948000 24.313107598222995
949000 24.350612205952206
950000 24.313937627447817
951000 24.350602539878597
952000 24.290480154649533
953000 24.312849474082075
954000 24.304769077870326
955000 24.316789244555647
956000 24.26089786275721
957000 24.323294950282012
958000 24.37760788272768
959000 24.26602730671794
960000 24.346084801016872
961000 24.30707074598905
962000 24.295137686881606
963000 24.26875941191951
964000 24.32215545188556
965000 24.382075009241042
966000 24.31424330045561
967000 24.316839881841453
968000 24.282217002501206
969000 24.364463236133297
970000 24.335432168106067
971000 24.265750640468678
972000 24.355966790422503
973000 24.303899139161125
974000 24.411618593031235
975000 24.400628725879095
976000 24.29651846226132
977000 24.292621652110935
978000 24.33798086179011
979000 24.36847750680997
980000 24.344082053604332
981000 24.370234386639673
982000 24.36028760018051
983000 24.324432827646707
984000 24.267427023965396
985000 24.397891820221968
986000 24.34078290402852
987000 24.328278281759935
988000 24.32833143235034
989000 24.32860253255092
990000 24.30943225744153
991000 24.318998800854512
992000 24.308409628335557
993000 24.31739626929826
994000 24.324946153269856
995000 24.345142637424367
996000 24.364362272052364
997000 24.32434847266257
998000 24.37102051928848
999000 24.326549678353274
1000000 24.322061865075085
