0 25.053264284369128
1000 24.940339081417598
2000 24.997623863159887
3000 25.08461647975857
4000 24.965041628865425
5000 24.974036694698114
6000 25.030268331923576
7000 25.035176586154144
8000 24.951237159435866
9000 25.05139378375164
10000 25.05824984662506
11000 25.019262950471816
12000 24.984444646128413
13000 25.108599538045784
14000 24.928642512640042
15000 25.01195603236286
16000 25.006749001922252
17000 24.929602087721825
18000 24.975879276113037
19000 25.06538516769299
20000 24.967467126939557
21000 25.026143937321713
22000 24.97586974526604
23000 24.984989095173354
24000 25.02747370767933
25000 24.984551251789004
26000 25.066764285764144
27000 25.04330910150912
28000 24.96728978384414
29000 24.97929479170379
30000 25.02450182453642
31000 24.941151696138704
32000 25.008716504594613
33000 25.031147362466683
34000 24.994655238905416
35000 25.076337113122115
36000 25.055837835354552
37000 24.9790260637014
38000 25.02739243769964
39000 24.999111563749267
40000 24.998391127987535
41000 24.970906946917875
42000 25.036229792237297
43000 25.04478920502728
44000 24.954171426066818
45000 24.971562736860967
46000 25.02891290933936
47000 24.989842632085647
48000 25.129512799801063
49000 25.00249938965006
50000 25.005747599452885
51000 25.050473116576924
52000 24.892053234590993
53000 24.946216836116385
54000 25.053680141743218
55000 24.982363351652598
56000 25.025602599675096
57000 24.993170861675182
58000 25.05736805818721
59000 25.055863509930738
60000 25.03191621045063
61000 24.966827858164226
62000 24.922136653206703
63000 24.931258467914784
64000 25.022481835396956
65000 24.974005210533615
66000 24.938972086327713
67000 25.066753958811972
68000 25.078665444794822
69000 25.056388136173318
70000 25.00542820372382
71000 25.002816229937995
72000 24.94242816716478
73000 25.063473383754676
74000 25.03143338219888
75000 25.02175823525539
76000 25.08788615678384
77000 25.004551629205697
78000 25.041011505867743
79000 25.07563705206766
80000 25.093741248207042
81000 24.949159300634623
82000 24.943215946600837
83000 24.90243530583198
84000 24.985663410360754
85000 25.019688077991304
86000 25.08188498382244
87000 25.07853072425352
88000 24.995320170324
89000 25.001656425124462
90000 25.020163927987067
91000 24.998329749524398
92000 25.05360182830216
93000 25.0382911295965
94000 24.962965977377408
95000 25.000980409701477
96000 25.050996115612318
97000 25.008849981005337
98000 25.0305659406309
99000 25.03644445295824
100000 25.06826533994143
101000 24.999881752886896
102000 25.02847993497512
103000 25.001043141865186
104000 25.04385137409195
105000 25.006510336309073
106000 25.04031939073213
107000 25.0237670217567
108000 24.96008765553547
109000 24.926347804069742
110000 25.017598337528273
111000 25.075126849613486
112000 24.946473211755073
113000 24.98022418854504
114000 25.003794953996902
115000 24.973438549200086
116000 25.075715648946737
117000 24.995870180799116
118000 25.03114576942072
119000 24.94927484280558
120000 24.936671731562956
121000 24.970403589325056
122000 25.094300856620674
123000 25.032539974726042
124000 24.955155037035464
125000 25.05350091822585
126000 24.981906229806768
127000 25.000743815218655
128000 25.106067955045123
129000 25.092581038297173
130000 24.985026542530658
131000 24.985223442736782
132000 25.03090741164748
133000 24.989916752341493
134000 24.964927935180913
135000 24.99378967650647
136000 24.996005027327065
137000 25.05639095222565
138000 25.01575427390223
139000 25.054931267683063
140000 24.96011467140333
141000 24.97132190332773
142000 25.062809259412205
143000 24.982253548384485
144000 24.984022009418304
145000 24.989302190215163
146000 25.058413808972887
147000 25.001899167164353
148000 25.020415993836203
149000 25.025372781853516
150000 24.979140232564426
151000 25.051885175311117
152000 24.99137036429041
153000 24.974889870165317
154000 25.06915268653126
155000 25.019894272305834
156000 25.030011161553638
157000 25.052213785408224
158000 25.12098343363483
159000 25.057335595664625
160000 24.99409757972345
161000 24.99542544999504
162000 25.01793735243274
163000 25.045527346307033
164000 25.04859569868807
165000 24.986368415417726
166000 24.99834156586454
167000 25.049135304514223
168000 24.989307690974368
169000 25.07460141511691
170000 24.943808708943806
171000 25.06723242188296
172000 25.020762522905226
173000 25.009792383409255
174000 24.97249241887173
175000 25.04496020345662
176000 25.10803350027113
177000 24.962243136458493
178000 25.029659872630884
179000 24.993326834858777
180000 24.99131639486722
181000 25.073577036840312
182000 25.016505515459265
183000 24.953302823561682
184000 25.000088514320684
185000 24.96818907824496
186000 25.003059874495435
187000 25.06587243144479
188000 24.980079481494094
189000 25.06845431833502
190000 25.063216440084904
191000 25.025764038482784
192000 24.974191047568436
193000 25.059009842979062
194000 25.005038802387812
195000 25.010475956381715
196000 24.984168653015377
197000 24.998428141980295
198000 25.057628128178994
199000 24.975013511304216
200000 24.973505165398564
201000 25.013465219238835
202000 25.038797937777858
203000 25.053083742592392
204000 25.03302961980794
205000 25.008529182809774
206000 25.039623718095736
207000 25.037964757083774
208000 25.062796696024737
209000 25.01066978481421
210000 25.060407495510695
211000 24.961333619761866
212000 24.935042083809837
213000 24.933292703038493
214000 25.009440778289125
215000 24.96455778376124
216000 24.953155054599144
217000 24.95962946630944
218000 24.99748544542705
219000 25.021501236136192
220000 25.071544804815446
221000 25.035133100678028
222000 25.0562023487051
223000 25.031295032884852
224000 24.980832753230846
225000 25.04224019042462
226000 25.013867700503063
227000 25.027689036482837
228000 24.932889993100176
229000 24.98994783437083
230000 25.067001890477165
231000 25.1075932147298
232000 24.989995574608077
233000 25.016058096796637
234000 25.00364810146113
235000 25.005957503133423
236000 25.069872614594743
237000 25.055790090158776
238000 25.047641214726877
239000 24.987118100158856
240000 24.983937022856228
241000 25.107455800341597
242000 25.07281825570454
243000 25.065778802497352
244000 25.072896183562314
245000 25.032444664082774
246000 25.107127308625596
247000 25.04778775417342
248000 24.92417391725856
249000 24.985411478449556
250000 25.034938186703453
251000 25.09086252335298
252000 24.993170152749414
253000 25.00863649089774
254000 24.917320819154988
255000 25.095236244415407
256000 25.01164390837035
257000 24.972057505528163
258000 25.02284101220914
259000 24.93034620907993
260000 24.97754932499148
261000 25.034101134971404
262000 25.08992581610098
263000 24.95650460146655
264000 24.966115519034886
265000 24.989155074356308
266000 24.995927189386727
267000 25.070617672479482
268000 24.948302519505294
269000 25.032947176990767
270000 24.98975878082666
271000 25.078246722107657
272000 24.99737705150684
273000 25.048745068108925
274000 24.97602462944009
275000 24.96183962289676
276000 24.912874294008883
277000 24.970001372438936
278000 25.060446790435243
279000 25.032445644843083
280000 25.01081450188523
281000 25.031840545397316
282000 25.016230152926656
283000 25.012513445725535
284000 24.963177741809623
285000 24.99328623828489
286000 25.064378977098734
287000 24.973945430950685
288000 24.931601965536295
289000 25.0209419948616
290000 25.11132532281893
291000 25.04437199081801
292000 25.00787755261721
293000 25.033685520732575
294000 25.01975111054258
295000 25.09345687554484
296000 24.993810766794763
297000 25.088370050539194
298000 24.94769563385975
299000 24.92666238366097
300000 25.009863473847783
301000 24.995852429169958
302000 25.02025048504497
303000 25.077192694714327
304000 25.080200552461307
305000 25.030239973568953
306000 25.04886957868807
307000 25.038759436652725
308000 25.04410712544993
309000 24.972774057748616
310000 25.02786111837081
311000 24.990720238859065
312000 25.000447223825937
313000 25.074066915234933
314000 24.993569325108965
315000 24.950934458537773
316000 24.964167733544446
317000 24.939533821499634
318000 24.993068277184186
319000 25.00828552118765
320000 25.04468758779491
321000 25.017701390842422
322000 24.977323877020595
323000 24.946042044289285
324000 24.99072335166813
325000 25.0016843293301
326000 25.014018989666727
327000 24.93078450179008
328000 25.03241251002916
329000 25.068795130054916
330000 25.030791816103438
331000 24.935477831277826
332000 24.98235181591953
333000 25.00106856255652
334000 24.997548893241245
335000 25.03314917173214
336000 25.08469024118932
337000 25.004302584332102
338000 24.998586139812552
339000 25.028201077528394
340000 25.028802964923905
341000 24.988890275031842
342000 25.062375951632184
343000 25.02383526716755
344000 24.952190906499236
345000 25.060265854484175
346000 24.95452864649296
347000 25.018914055377135
348000 25.039122157846396
349000 25.019258909550345
350000 24.96536774949843
351000 25.016080405634124
352000 25.028622402619593
353000 25.066659778002947
354000 24.96448850454515
355000 25.044815084526867
356000 25.031371372628342
357000 25.00868786738063
358000 25.072189587276178
359000 24.94851932359827
360000 25.122406651815357
361000 25.053955411083127
362000 24.950965050354977
363000 24.976394409566453
364000 24.960390444709773
365000 25.06720806407626
366000 24.96438463443917
367000 24.97249905397402
368000 25.088092297390006
369000 25.01729423332496
370000 25.012726583252007
371000 24.928168596397906
372000 24.942189628793063
373000 25.06268170021864
374000 24.974466693992916
375000 25.07431780277365
376000 24.95736419242281
377000 25.015697995078725
378000 24.99812634524134
379000 25.014350382749598
380000 25.03212793881473
381000 24.984142266721694
382000 25.027158338052793
383000 25.03736829443218
384000 24.999691931361877
385000 25.02119846222497
386000 25.006213901875473
387000 25.045022735608228
388000 25.032040484298204
389000 24.984890727484274
390000 25.096016392766707
391000 24.9426388103033
392000 25.125649250517057
393000 24.959590973014027
394000 25.025483138023404
395000 24.973647470015102
396000 25.027396842640307
397000 25.03638646337971
398000 24.949122406795908
399000 24.985239828193386
400000 24.86062329003745
401000 25.06477577839458
402000 24.96651698765725
403000 25.01327983053565
404000 24.957071031568656
405000 25.04462090916428
406000 24.925821292948314
407000 25.011005342735842
408000 25.037537126174932
409000 25.006579960111
410000 25.06239318561719
411000 25.046808296927328
412000 24.972986225258094
413000 24.93338347416255
414000 24.996190025329973
415000 25.070224472633907
416000 24.992911470212956
417000 25.103010596453935
418000 24.935659866983293
419000 24.99744711150125
420000 24.965837303589012
421000 25.023078809802392
422000 24.961154116789732
423000 24.965033456510128
424000 25.01363074494909
425000 25.056428937913825
426000 25.024440315088995
427000 25.019047429455483
428000 25.031202097313106
429000 24.98671896489669
430000 24.966421793291214
431000 24.98913544967269
432000 24.96697238761526
433000 25.009239294151843
434000 24.991996095399553
435000 24.944480857023596
436000 24.99484889160528
437000 24.98341816653525
438000 24.989332637107786
439000 25.06521211503638
440000 24.956341956019678
441000 24.95299835099585
442000 24.96041352986024
443000 24.945438541748434
444000 25.042896579803617
445000 25.047886750712593
446000 25.017902362292123
447000 25.04628059468286
448000 24.966386526043706
449000 24.999522329711784
450000 25.053311652160016
451000 24.98510000290937
452000 25.108060312243712
453000 25.032835016617852
454000 25.07154251627997
455000 25.014847802456032
456000 25.03957708452982
457000 24.97369037386257
458000 25.05302664326502
459000 25.042298015258844
460000 25.118124487922955
461000 25.048673063927453
462000 25.076551647097332
463000 24.905335058985443
464000 24.99163039806592
465000 25.035232749977723
466000 24.97596996120973
467000 24.989280598289813
468000 24.979006242496375
469000 25.020913344343565
470000 25.014452710968502
471000 24.99142369171539
472000 25.00723271068549
473000 24.970601588385115
474000 24.991352906385597
475000 25.09967070406418
476000 24.967762508957225
477000 24.967188870628295
478000 24.980104210407827
479000 25.039153723381517
480000 24.990569341710508
481000 25.03575722538784
482000 25.07178563416313
483000 25.114910162318683
484000 25.031503157249574
485000 25.049951586287584
486000 25.00041250612743
487000 25.019847050350023
488000 25.039048549343768
489000 25.054474810649626
490000 24.93813375864952
491000 24.988778408106985
492000 25.05438592014633
493000 24.992553693343012
494000 25.06988533780597
495000 24.96605368935469
496000 25.00878277282054
497000 25.007027698495577
498000 24.94358895098761
499000 24.975071943637317
500000 25.03126606539987
501000 25.02824284263128
502000 25.107095132469723
503000 25.090431940617147
504000 24.980622910169224
505000 25.079964646410936
506000 25.03410641632646
507000 25.065837910226325
508000 24.951944735152928
509000 24.927783536668997
510000 24.96310200101542
511000 24.979561722354106
512000 24.972649956229958
513000 24.973055887261488
514000 24.977745298185717
515000 24.92208434619474
516000 24.986107030094477
517000 25.08689598665863
518000 24.91207263795685
519000 24.98281076558238
520000 24.995082686392266
521000 24.98388827054182
522000 24.953289685492116
523000 25.001002450412148
524000 25.022866238567723
525000 25.05947946854727
526000 24.953768093246744
527000 24.99151841464642
528000 25.093840946957286
529000 25.047407553817656
530000 24.973318931859716
531000 24.971189166344615
532000 24.944454303880455
533000 24.936438845003266
534000 24.982671104732454
535000 24.977946736052797
536000 24.95921283896054
537000 25.026501136472945
538000 24.975901940033946
539000 25.08768265312863
540000 24.976287600685236
541000 25.00375226705513
542000 24.993365851848182
543000 25.05940393854866
544000 25.068315694786282
545000 25.057403450268563
546000 25.05836466216119
547000 25.038554019215
548000 25.084364700969473
549000 25.057458327202102
550000 25.051511381466586
551000 25.082303592850415
552000 25.048477359458587
553000 24.935529751402555
554000 24.968129565565768
555000 24.985863534709594
556000 24.960023745394594
557000 25.046954196159305
558000 24.97989856589424
559000 25.04686435741419
560000 25.057663137999416
561000 24.965564181461097
562000 25.163500775787043
563000 25.088354192053124
564000 24.94215661902272
565000 25.035619986533632
566000 25.01493842616866
567000 25.018172865291042
568000 25.058855135681494
569000 25.010232101466055
570000 24.98293466005053
571000 24.98017718572246
572000 24.909370823466162
573000 25.055790465478598
574000 24.977046203799855
575000 25.011834110089218
576000 25.013807764587874
577000 24.99867100044452
578000 24.998825661092212
579000 24.97016998849192
580000 24.92359271658195
581000 24.999395046410772
582000 24.946572100687728
583000 25.062112795629435
584000 25.032397686253077
585000 24.954538126290554
586000 24.950465306193152
587000 25.005636792773632
588000 24.928965396941237
589000 24.91968226454911
590000 24.98552788245366
591000 25.02381853590537
592000 24.96683416381727
593000 25.018445554242668
594000 25.03920068347897
595000 24.918389977920437
596000 24.953063818887266
597000 24.99009937322619
598000 25.01259879681855
599000 24.97435016012973
600000 25.040094447803078
601000 24.919929523984834
602000 24.996519453709293
603000 25.035773717761767
604000 24.95766275693905
605000 25.060879220806314
606000 24.969548486608318
607000 24.919010300139536
608000 25.052661170861363
609000 25.10309820096434
610000 25.036175859646768
611000 24.9809753034741
612000 25.04113664597002
613000 25.01186991299407
614000 25.045997666615314
615000 24.998558482030955
616000 24.994143132694678
617000 25.018507058842395
618000 24.910927242425206
619000 24.968937689134545
620000 24.951672898389177
621000 24.969679509441153
622000 24.996513965840748
623000 24.96412256736076
624000 24.950727018190097
625000 25.070712654474836
626000 25.090196541643866
627000 24.969404142491932
628000 25.06397075759937
629000 25.08539115695547
630000 24.901953552322773
631000 25.11132401847418
632000 25.073041222748625
633000 24.9681969305979
634000 24.99506932753429
635000 25.03785020620754
636000 24.97598317600493
637000 25.12004673085967
638000 25.01188170853315
639000 24.948649716006226
640000 24.924065093652427
641000 25.055419731752778
642000 25.01720293288214
643000 25.00257159245087
644000 25.063210851769025
645000 24.99413874422481
646000 24.938781527991935
647000 25.036756297148536
648000 25.013332728445388
649000 25.007209386676553
650000 25.061795827171704
651000 24.942555635607636
652000 24.978736560511994
653000 24.985550848661447
654000 24.987385352445408
655000 25.010953846741124
656000 25.089100948723097
657000 25.006983849013317
658000 25.046893593639656
659000 25.048401517989372
660000 24.99753634251263
661000 25.03040391618376
662000 25.048213250209542
663000 25.016441022583003
664000 25.042193000261367
665000 24.986894434089574
666000 24.966493657092684
667000 25.06254454618137
668000 24.98330871352437
669000 24.933627095595792
670000 24.94382335908988
671000 25.009568797486835
672000 25.100287112910507
673000 24.9102988139403
674000 24.993452338324545
675000 25.057535248103814
676000 24.970136727451816
677000 24.993241661251396
678000 25.028370941675025
679000 25.08864283132384
680000 24.973305744822845
681000 25.04625411569761
682000 25.011410606320705
683000 24.988290508149067
684000 24.984904440737512
685000 24.979577912025196
686000 25.046058744344656
687000 25.024986277705825
688000 25.023569283393435
689000 25.01092008246122
690000 25.05052501450768
691000 25.016749408956827
692000 25.060435826244788
693000 24.975925641661767
694000 25.019985234589747
695000 25.068218869741912
696000 24.96902027146786
697000 25.013284726418874
698000 25.001366664590087
699000 24.93206848059233
700000 25.069201579927515
701000 24.99641811986739
702000 24.975614495959768
703000 24.997571844601953
704000 25.00510260087948
705000 24.9987960309775
706000 25.07483393063453
707000 24.94212585089835
708000 25.048639076955737
709000 24.979486257253704
710000 25.0363516701895
711000 24.93586362584848
712000 24.98811359673509
713000 24.928912468867313
714000 25.048027614668143
715000 24.96116171179357
716000 24.99510338130607
717000 24.9527756843726
718000 24.959296390390342
719000 25.006869068767013
720000 25.03707113690174
721000 25.105113444689874
722000 25.05513771448607
723000 24.9450347944164
724000 24.969544330531082
725000 25.104725604559334
726000 25.039994621110605
727000 25.015064677633223
728000 25.020029903134905
729000 24.969191308088494
730000 25.08964804279337
731000 24.98887538572309
732000 25.008284070446017
733000 24.98259733165501
734000 25.067135433336272
735000 25.032170152795132
736000 25.037807528294206
737000 25.065390216687533
738000 24.94574426711339
739000 25.00154876123991
740000 24.939374004237816
741000 25.0622688829301
742000 24.98533641828696
743000 25.096076870565035
744000 25.11019324190821
745000 24.942778266306448
746000 24.988130510789702
747000 25.10799751938375
748000 25.07235909520008
749000 25.123360467853534
750000 24.94895067295079
751000 25.025726695673463
752000 24.98912760650457
753000 24.977653252046352
754000 24.912183432160084
755000 24.927204194245423
756000 25.046978146624067
757000 25.023259121907675
758000 25.117239914932803
759000 24.97849829586312
760000 25.014687935692567
761000 25.001525408766955
762000 24.959843849816625
763000 25.002431240822876
764000 24.993556278910923
765000 25.012540271959363
766000 24.974118451452956
767000 25.005076292993127
768000 25.00934987301824
769000 24.938253236803526
770000 24.976485165982197
771000 25.027638182486246
772000 24.990761695654157
773000 24.996581457532695
774000 24.908876315261438
775000 25.069022448373595
776000 24.982330296515055
777000 25.020883630047674
778000 24.9841622364646
779000 24.9383944372691
780000 25.060282163105633
781000 25.06308330802448
782000 25.005972698027893
783000 25.063272122810474
784000 24.970450371666594
785000 24.963138994989365
786000 24.98600072359554
787000 25.02002020612116
788000 24.94657244840778
789000 25.083318313067096
790000 24.99533354287287
791000 25.053253503314117
792000 25.068176894429246
793000 24.98365667034529
794000 25.07248815654275
795000 25.041890513824608
796000 25.001864443333268
797000 25.014440463027807
798000 25.067084383154647
799000 25.12592472532203
800000 24.982956338918864
801000 25.07236071904599
802000 25.090351148293422
803000 24.979383699250135
804000 25.037403854193442
805000 24.975729081399773
806000 24.945289609712884
807000 25.002357282748687
808000 25.05530028368567
809000 25.013080470934383
810000 24.99384710077305
811000 24.989827631841578
812000 25.065049214754993
813000 25.053846025993913
814000 25.0186545472446
815000 25.04207840714921
816000 25.048468657831517
817000 24.990764615893756
818000 24.932241541995538
819000 24.998147261045272
820000 24.993074322563047
821000 25.0014555595964
822000 25.025295074660708
823000 24.99097026753553
824000 25.106867867145215
825000 25.081831287066375
826000 25.009108438490852
827000 24.93719226949345
828000 25.06303674823393
829000 24.989052140953977
830000 25.046374732995346
831000 24.93115084518355
832000 25.005000659580396
833000 25.00883983776748
834000 25.044024051660266
835000 25.070004094837085
836000 25.0425858397601
837000 25.038204730927276
838000 25.059816930321386
839000 25.01512776253798
840000 25.053113666745936
841000 25.05085280955984
842000 25.03494003939363
843000 25.026643442109417
844000 24.990669690444463
845000 25.06838155883041
846000 24.969289100553524
847000 24.92379947008213
848000 25.016951718279252
849000 24.96748305282342
850000 24.978461052434916
851000 24.941246294377727
852000 25.0572668756816
853000 24.986403730470478
854000 25.006050531562856
855000 25.09734364496453
856000 25.025098539446617
857000 25.01180474003249
858000 25.038718571170534
859000 25.051974614908055
860000 25.02197741145712
861000 25.00630433992843
862000 25.062164519019618
863000 25.032825961040142
864000 25.041093546861553
865000 25.038449609066557
866000 25.010461095442686
867000 25.036761604477718
868000 24.955080396298648
869000 25.01562619098796
870000 24.997852189471985
871000 24.899187835363517
872000 24.993732724765525
873000 24.954287732119
874000 24.937385484180005
875000 24.976808335183968
876000 25.006031622863098
877000 24.95932373491339
878000 24.940329153420205
879000 24.968168941437508
880000 24.96042791751307
881000 24.967163971017797
882000 24.96025363617532
883000 25.007193796554322
884000 25.01124528501256
885000 24.952479840778576
886000 24.977469870653028
887000 24.944167631210696
888000 24.995437670403167
889000 25.000719762441815
890000 25.08248907454079
891000 25.04895650862394
892000 25.00674820027206
893000 24.975395661489543
894000 25.0048673153641
895000 25.02799227217384
896000 25.022669838412053
897000 25.083178405373285
898000 25.038368700279214
899000 24.994898520157275
900000 24.954692606403277
901000 25.006361071682914
902000 25.048591574196678
903000 24.95763245846839
904000 25.01927030579575
905000 25.068986259769414
906000 25.01789627067184
907000 25.031376903745997
908000 24.903061093196403
909000 24.990376088039316
910000 25.0844445791883
911000 24.989931746361467
912000 25.013931263302933
913000 24.996385764805765
914000 25.083604100058544
915000 24.994096022102845
916000 25.071667029683162
917000 24.97110073468408
918000 25.11477883338446
919000 25.00869076786367
920000 25.015317761498864
921000 24.95955758300502
922000 25.138096667000625
923000 24.945203897224182
924000 25.02833080905952
925000 25.0508860619722
926000 24.92822193161154
927000 25.011430632597015
928000 25.00288207187648
929000 24.979988304110282
930000 25.016694804688804
931000 24.97463889804243
932000 25.10394100430818
933000 25.032183893030886
934000 25.062268575158402
935000 25.01048305860935
936000 24.984722787836883
937000 25.075505837631397
938000 24.941413982283912
939000 24.989355448655868
940000 25.0542508773195
941000 24.953105702780967
942000 24.975586886190495
943000 24.99786353975251
944000 25.006844962544754
945000 25.000465962757147
946000 24.986010582817347
947000 24.979696493327264
948000 24.993700576026274
949000 25.037235869140833
950000 25.05842326087832
951000 25.088176583209876
952000 25.06761080723682
953000 25.011929522828247
954000 25.001307293317033
955000 25.008150735958427
956000 24.978418567690042
957000 25.01622169022153
958000 25.073663392237158
959000 25.047529198936424
960000 25.079078016168676
961000 25.054360548463936
962000 25.006661277685875
963000 25.051853321787718
964000 24.950337631128235
965000 25.07153783223327
966000 25.169293664297555
967000 24.95552621808521
968000 25.015456452586537
969000 25.046154179334902
970000 25.001243937475117
971000 25.010573410068886
972000 24.993386151740804
973000 24.960710645770874
974000 25.001858362355264
975000 24.984465901264716
976000 25.04087120854599
977000 25.03299328529707
978000 25.040272810409665
979000 25.006001996855552
980000 24.962530878463962
981000 25.0120627087725
982000 24.99784139148748
983000 25.029968056451875
984000 24.999640620297125
985000 25.027879643179748
986000 25.01806725016988
987000 24.9534417754822
988000 25.028783850690395
989000 25.05321233211194
990000 24.98358702760986
991000 25.020316230585617
992000 24.970262571537752
993000 25.081570865514237
994000 24.936222929953562
995000 25.061427758536418
996000 25.006119016300246
997000 25.04869860350726
998000 25.134822479185893
999000 24.98378154582644
1000000 24.9821835046872
