0 23.31906130731685
1000 23.278347828594704
2000 23.300960511395672
3000 23.298005761164244
4000 23.36613391293063
5000 23.27143115923462
6000 23.316753961653788
7000 23.288235791785905
8000 23.28755772589577
9000 23.29171450253899
10000 23.29514214544877
11000 23.326608146776728
12000 23.25664700967557
13000 23.330094183291536
14000 23.28746988568579
15000 23.28629548687999
16000 23.271530677044826
17000 23.289572995688612
18000 23.33086236979315
19000 23.30493656246586
20000 23.28097086999741
21000 23.33274839867957
22000 23.287208771323712
23000 23.26456193741754
24000 23.317573852041992
25000 23.282994131872726
26000 23.29437516205804
27000 23.261053648456212
28000 23.312116412945382
29000 23.221241901432386
30000 23.316688914887514
31000 23.310147692352917
32000 23.279462464773047
33000 23.308752691555167
34000 23.272371558932637
35000 23.29701653750686
36000 23.34171573341927
37000 23.29554139296783
38000 23.301266496867353
39000 23.26662266502142
40000 23.222210243003058
41000 23.24956119349732
42000 23.30352424875381
43000 23.26678676140078
44000 23.316376676170993
45000 23.277859145687597
46000 23.319341042934596
47000 23.268506897170305
48000 23.2859013867343
49000 23.255193941720428
50000 23.25349788436089
51000 23.28058646981879
52000 23.257467012924764
53000 23.248136595191855
54000 23.236702182251097
55000 23.279816210885468
56000 23.261666642886315
57000 23.252618962960632
58000 23.301421579601154
59000 23.298197446979234
60000 23.278797233362855
61000 23.287655702308577
62000 23.316917906317002
63000 23.288236737762507
64000 23.2601291772802
65000 23.286212459514253
66000 23.236915521940123
67000 23.298578240859978
68000 23.269990060211097
69000 23.271404533003526
70000 23.28311257982077
71000 23.273005826488966
72000 23.261388273989404
73000 23.265951852090147
74000 23.316583962037676
75000 23.273641213262035
76000 23.297460048878207
77000 23.30908495699332
78000 23.269874733214916
79000 23.321186137605746
80000 23.26326827447273
81000 23.280433607262374
82000 23.292331235311455
83000 23.296789537567747
84000 23.2998469355208
85000 23.253097892669217
86000 23.31340329904247
87000 23.332630520900576
88000 23.28434116204169
89000 23.30256306923773
90000 23.30954762123733
91000 23.291741917958362
92000 23.296072345348836
93000 23.30383819286453
94000 23.281838827071265
95000 23.298637417864253
96000 23.278096395509202
97000 23.310903551090032
98000 23.323202632073002
99000 23.298809975971476
100000 23.276905179729656
101000 23.30043352774215
102000 23.307959031351857
103000 23.35134661480732
104000 23.342045781039317
105000 23.313252032448602
106000 23.32858208101933
107000 23.320303004080095
108000 23.27197268188572
109000 23.287028366934482
110000 23.28939287016239
111000 23.330802593889505
112000 23.276865146004173
113000 23.290495592547988
114000 23.262056430443593
115000 23.327856263290222
116000 23.32153526351006
117000 23.310731655464068
118000 23.338448054151208
119000 23.336193019287386
120000 23.281807344156423
121000 23.301171042537273
122000 23.334027985385386
123000 23.329864657010713
124000 23.320833541253947
125000 23.321772323820976
126000 23.336788302129264
127000 23.29801785928364
128000 23.325891529690114
129000 23.32840674552383
130000 23.267685046547477
131000 23.27058582242892
132000 23.306724690375614
133000 23.305328477927176
134000 23.30464615372347
135000 23.310873817995937
136000 23.274598675116476
137000 23.28878896529819
138000 23.289118430850774
139000 23.32079057720595
140000 23.324541420747153
141000 23.333364948426063
142000 23.279465063549917
143000 23.27629034097473
144000 23.260178779951445
145000 23.287335155671013
146000 23.326055841582615
147000 23.277931950086472
148000 23.31114987582115
149000 23.309509332499225
150000 23.281855191813936
151000 23.319116765627133
152000 23.275177623352484
153000 23.279819021402513
154000 23.26966667876284
155000 23.31281634005469
156000 23.29341163931839
157000 23.31587104648275
158000 23.299503910976398
159000 23.27773123499202
160000 23.261437565733612
161000 23.286150474586865
162000 23.29139177039947
163000 23.273664487467347
164000 23.260436002238567
165000 23.29521795088156
166000 23.34287425864103
167000 23.281117879422553
168000 23.30269275798916
169000 23.261688711106007
170000 23.23510603835562
171000 23.26379807352541
172000 23.290260584764013
173000 23.31742309757121
174000 23.30527905339979
175000 23.24497258876031
176000 23.330477070731078
177000 23.322699478195855
178000 23.30923354836203
179000 23.308712050666383
180000 23.2817722186721
181000 23.268008940023098
182000 23.304145024654698
183000 23.30337359753391
184000 23.265297414049442
185000 23.316007533645994
186000 23.294188836529905
187000 23.27159696009695
188000 23.320053921733848
189000 23.335299124725555
190000 23.290025068183887
191000 23.29585320391824
192000 23.27769240604777
193000 23.328336775073655
194000 23.300019907022758
195000 23.27431800578295
196000 23.29526267564375
197000 23.323006380430705
198000 23.26054815895368
199000 23.262149433275553
200000 23.298766791677096
201000 23.311843459595416
202000 23.315461661005873
203000 23.305016126712324
204000 23.29768779168064
205000 23.36018670130189
206000 23.315855632930752
207000 23.285047571385427
208000 23.3414166247143
209000 23.315969098622073
210000 23.283282492235372
211000 23.31955299705382
212000 23.336986291725815
213000 23.328292025003275
214000 23.291698153508737
215000 23.302043928162675
216000 23.312265689235392
217000 23.33980565118462
218000 23.285952283105328
219000 23.242753611833095
220000 23.275774131088507
221000 23.31863078065533
222000 23.28885954457473
223000 23.314725297723815
224000 23.277671673956913
225000 23.305972867098127
226000 23.29047792672248
227000 23.297117709678613
228000 23.31858332292567
229000 23.278135457977505
230000 23.27982753273274
231000 23.305029049722503
232000 23.279542332127942
233000 23.301402560562632
234000 23.26137527707718
235000 23.29017338821967
236000 23.29991463490667
237000 23.281666454539398
238000 23.27575211658796
239000 23.3081323086232
240000 23.30118262520579
241000 23.33297167786335
242000 23.316226916165736
243000 23.30386449840048
244000 23.28198061908424
245000 23.2598933659305
246000 23.314736061196424
247000 23.29962020831934
248000 23.30088440430707
249000 23.292297421925706
250000 23.254277460254976
251000 23.305798822720963
252000 23.265889156613905
253000 23.304405200922634
254000 23.26392953922439
255000 23.275259148980854
256000 23.290592655895196
257000 23.312758166989152
258000 23.278494884575174
259000 23.330786435039958
260000 23.31323951805854
261000 23.299862816552068
262000 23.295094713963724
263000 23.302936747537213
264000 23.256362596530604
265000 23.29763425674373
266000 23.323807246323316
267000 23.257640328719056
268000 23.269826466789926
269000 23.29574412827395
270000 23.32183518980047
271000 23.329496486921276
272000 23.332021443287953
273000 23.251440204811054
274000 23.31002429760062
275000 23.25640989671679
276000 23.278316919762712
277000 23.287061948500288
278000 23.31842521376046
279000 23.31686189309821
280000 23.28919690867054
281000 23.32173137527657
282000 23.324686954600526
283000 23.277210678951853
284000 23.223647595278337
285000 23.264678299677083
286000 23.292448192245224
287000 23.274373161353953
288000 23.299084859753133
289000 23.268035784501727
290000 23.301451106827834
291000 23.24581466546976
292000 23.29227744744695
293000 23.284038328866362
294000 23.25643436868674
295000 23.284980270657282
296000 23.245340607132544
297000 23.27402017941083
298000 23.267962834060896
299000 23.28227690015463
300000 23.333881707685407
301000 23.2782833941473
302000 23.294094381695057
303000 23.30041521376501
304000 23.294442515860933
305000 23.348830312246918
306000 23.300344315051852
307000 23.273396022132772
308000 23.280133618555332
309000 23.29007741479829
310000 23.276698529576034
311000 23.323954693165025
312000 23.313749361058736
313000 23.32468607645467
314000 23.300092104753663
315000 23.2550068229142
316000 23.31272016516351
317000 23.291341328728322
318000 23.317410189794074
319000 23.27413872807457
320000 23.312681359167502
321000 23.31355459669513
322000 23.283456516062483
323000 23.299659663495646
324000 23.28165679172148
325000 23.271716791535283
326000 23.29556469537546
327000 23.312071133230244
328000 23.25447278861019
329000 23.25088272450334
330000 23.284648395092514
331000 23.3136715939712
332000 23.264782410985475
333000 23.30687617932479
334000 23.24834388918075
335000 23.295686581889356
336000 23.294492534923858
337000 23.268704706042612
338000 23.319366677849626
339000 23.305440422405532
340000 23.248682204921355
341000 23.301516593937315
342000 23.276599783164613
343000 23.2481690399924
344000 23.314660638694015
345000 23.271390545492423
346000 23.274924483706673
347000 23.306594540005694
348000 23.319885512669963
349000 23.292430798147844
350000 23.2527793540947
351000 23.23116023123766
352000 23.27211145677267
353000 23.252234010157693
354000 23.28340783197269
355000 23.315765702681237
356000 23.267469850446073
357000 23.287190748362903
358000 23.29787634408727
359000 23.34749167629163
360000 23.310835244582815
361000 23.344017396179314
362000 23.296309879281775
363000 23.288961371368085
364000 23.330777416134502
365000 23.266532116167916
366000 23.275990180599536
367000 23.249427533251414
368000 23.31324035407958
369000 23.26850458572753
370000 23.247696571328735
371000 23.242316788942734
372000 23.320868829805413
373000 23.290234416699338
374000 23.24515998135154
375000 23.30685686129022
376000 23.296566644107095
377000 23.2771732709814
378000 23.251326280103193
379000 23.264720584399534
380000 23.2995618723896
381000 23.282772246407603
382000 23.32007248295981
383000 23.32639106200066
384000 23.304256106262482
385000 23.295703895883197
386000 23.293262329552753
387000 23.25996010959616
388000 23.314381487676094
389000 23.268390450011452
390000 23.289075558398146
391000 23.302883200735852
392000 23.310963237369613
393000 23.257879350711306
394000 23.27109232154812
395000 23.26951739935506
396000 23.281580400987576
397000 23.285257371549775
398000 23.268992640673904
399000 23.283685895563913
400000 23.27949289681131
401000 23.28645516162742
402000 23.256273839444372
403000 23.331730131011728
404000 23.317270821369068
405000 23.267692138448606
406000 23.287619820884036
407000 23.279739140590284
408000 23.298611824974046
409000 23.300687456796595
410000 23.289084627737132
411000 23.30080930747446
412000 23.327371423270655
413000 23.29484333546336
414000 23.34724706913035
415000 23.29911794117978
416000 23.32261326355552
417000 23.313716353318007
418000 23.290646455764023
419000 23.325090142887085
420000 23.291093220966413
421000 23.35158954518252
422000 23.322813944903864
423000 23.34359431659854
424000 23.275457582076225
425000 23.321976873759617
426000 23.318222172676794
427000 23.308937343205894
428000 23.273317971901076
429000 23.30255933398604
430000 23.289882266403563
431000 23.2778115189526
432000 23.32288796727673
433000 23.3042206356646
434000 23.273751502957104
435000 23.312960687361464
436000 23.287398341663735
437000 23.30410073758716
438000 23.33534514227156
439000 23.33634630508164
440000 23.26979572015802
441000 23.310061164724676
442000 23.341251924025944
443000 23.287639648156944
444000 23.30409990856201
445000 23.28382181508511
446000 23.333090526055347
447000 23.308516956354666
448000 23.362626703658123
449000 23.37376145322208
450000 23.322696035291447
451000 23.271800625395297
452000 23.353780983401855
453000 23.30894954653514
454000 23.310593890328644
455000 23.314739582080232
456000 23.326627549454347
457000 23.30022542527558
458000 23.3268663343151
459000 23.321738038177923
460000 23.32975430433597
461000 23.28318625962382
462000 23.299019790147387
463000 23.279217426677818
464000 23.290327377421587
465000 23.34282994894389
466000 23.28453666520323
467000 23.294055589946623
468000 23.334767744771327
469000 23.339737370569598
470000 23.291661328696378
471000 23.2891771640816
472000 23.281292317606358
473000 23.288296106357095
474000 23.30697003835494
475000 23.31877517416106
476000 23.34645827803861
477000 23.320576644295233
478000 23.382850529759338
479000 23.314313792804935
480000 23.322934247223845
481000 23.32082431604386
482000 23.29408930614346
483000 23.32736055771875
484000 23.30372195414862
485000 23.32770617619817
486000 23.354152891855062
487000 23.306401674087187
488000 23.267591204188918
489000 23.30860149978658
490000 23.256947280846855
491000 23.318939819130264
492000 23.320755757726985
493000 23.289348934435257
494000 23.28435696701726
495000 23.27045484363719
496000 23.305947552892263
497000 23.321598829179226
498000 23.278338541641283
499000 23.34688454828933
500000 23.317234959243063
501000 23.319934773269402
502000 23.281569550244406
503000 23.29543858972831
504000 23.26919795459849
505000 23.295392032537766
506000 23.267748832131087
507000 23.300435394793684
508000 23.29231210617097
509000 23.29966689654975
510000 23.314940487736497
511000 23.257224065449186
512000 23.253795425326224
513000 23.288660546949842
514000 23.268848079765803
515000 23.288304849993004
516000 23.309741795298514
517000 23.304408240961244
518000 23.278882915543328
519000 23.28226959830125
520000 23.326542876374628
521000 23.296655903301144
522000 23.30151411219599
523000 23.333613096850897
524000 23.319054146251855
525000 23.309465885587475
526000 23.339630453920137
527000 23.25587690747823
528000 23.249268284378577
529000 23.283227444000694
530000 23.311680438229498
531000 23.278314757177515
532000 23.236793386309525
533000 23.243489758632396
534000 23.268011115312344
535000 23.2585534173748
536000 23.274242586730093
537000 23.270763600880056
538000 23.25129632986842
539000 23.23052149218688
540000 23.278295465672674
541000 23.285568073441734
542000 23.280844346304917
543000 23.280546365786616
544000 23.250428269500073
545000 23.28892008526689
546000 23.308002264597828
547000 23.254652115887573
548000 23.27903257375737
549000 23.309091548299136
550000 23.323866325989794
551000 23.326698459262513
552000 23.27860886021141
553000 23.289724888088866
554000 23.312277140255667
555000 23.26100093734666
556000 23.286814725777663
557000 23.29806967928475
558000 23.3196026686519
559000 23.31506077871995
560000 23.33225721137252
561000 23.330856753896683
562000 23.32168957343496
563000 23.294951078579945
564000 23.309120105628757
565000 23.292043672048585
566000 23.317333396397142
567000 23.307408834053984
568000 23.298106681922583
569000 23.290557267124715
570000 23.283531277803313
571000 23.3058888340084
572000 23.28642516681898
573000 23.309442829665578
574000 23.28383032378318
575000 23.302387162502267
576000 23.252938186366634
577000 23.302746567048782
578000 23.302610714006388
579000 23.242248582421006
580000 23.262006296678106
581000 23.270441620248025
582000 23.287864994326263
583000 23.300383624910605
584000 23.250421381264125
585000 23.256745435863383
586000 23.274403769776963
587000 23.313391783417917
588000 23.242639935561993
589000 23.28190138350304
590000 23.310652695581695
591000 23.308586267060548
592000 23.28416962493027
593000 23.268893213392584
594000 23.324331522897186
595000 23.279146202327063
596000 23.27416423461179
597000 23.249458224229233
598000 23.313209154497617
599000 23.282831993584736
600000 23.312091187617877
601000 23.30718074731281
602000 23.2952453687317
603000 23.31283811388504
604000 23.29244155845335
605000 23.318762527664166
606000 23.28880145109733
607000 23.29852344557766
608000 23.273566531029374
609000 23.313677558643175
610000 23.32445629912059
611000 23.29099101409432
612000 23.35683728003401
613000 23.3080321098521
614000 23.30565988027628
615000 23.281650201727242
616000 23.281068599269435
617000 23.32936630127456
618000 23.307546557896263
619000 23.274694947026262
620000 23.2886140041774
621000 23.303033098477542
622000 23.288649433907807
623000 23.266414698485605
624000 23.310288068823542
625000 23.305897331934144
626000 23.238070477140678
627000 23.296775265122008
628000 23.35784218327429
629000 23.314060412322405
630000 23.30602050167166
631000 23.328884732303965
632000 23.28800796709037
633000 23.294110351942514
634000 23.286501575140925
635000 23.3064270173973
636000 23.29168126485399
637000 23.28756150841006
638000 23.30498520923505
639000 23.290632534317567
640000 23.318022933978494
641000 23.279387982425618
642000 23.304888835992465
643000 23.301464601691297
644000 23.27530290869092
645000 23.30461133768632
646000 23.332763989847177
647000 23.312921546781766
648000 23.311246673649663
649000 23.289492092751647
650000 23.31630375137977
651000 23.343552755149616
652000 23.283877861117247
653000 23.284974017803687
654000 23.312691193783184
655000 23.326357659703547
656000 23.27724945776361
657000 23.311870967643642
658000 23.28263333819503
659000 23.26422524183646
660000 23.255650648267505
661000 23.285829912964065
662000 23.306347086078826
663000 23.32636490047873
664000 23.26248467855915
665000 23.307262380609725
666000 23.279408536337247
667000 23.252981388217343
668000 23.3217544230159
669000 23.313489195375954
670000 23.32891026595941
671000 23.285920889184155
672000 23.313136089793325
673000 23.326285432800336
674000 23.296207328087164
675000 23.29928331118904
676000 23.233771884093443
677000 23.307601064292808
678000 23.27235535988238
679000 23.26981363364062
680000 23.29807239726989
681000 23.30606018174984
682000 23.316126851741625
683000 23.229372454916252
684000 23.25129057838188
685000 23.27762789184344
686000 23.27432259784331
687000 23.27431279131729
688000 23.283584824782462
689000 23.285021842704435
690000 23.305342634478627
691000 23.2859714608002
692000 23.288584656512107
693000 23.27797535924976
694000 23.289839213430422
695000 23.28048794709246
696000 23.30609182181926
697000 23.316551408610934
698000 23.348794380760765
699000 23.306281641691292
700000 23.33532508816509
701000 23.295214752263703
702000 23.288475964433434
703000 23.298040167328562
704000 23.26954482432051
705000 23.28022033041187
706000 23.35182807927402
707000 23.329791107775876
708000 23.28769791642814
709000 23.28908358035145
710000 23.30997869612283
711000 23.308142440270217
712000 23.317993789216093
713000 23.278649687167626
714000 23.286526516247115
715000 23.2843073194604
716000 23.277575226140893
717000 23.32878896650184
718000 23.295007313537052
719000 23.323945932979964
720000 23.294715673970305
721000 23.30378862377524
722000 23.338053077602638
723000 23.304838900369678
724000 23.34065277164534
725000 23.337324404535327
726000 23.285234842110853
727000 23.306966190764893
728000 23.277065517607998
729000 23.32987983460381
730000 23.288500712726954
731000 23.26378136813287
732000 23.30281014593549
733000 23.280286617925366
734000 23.305712040263064
735000 23.293960665962867
736000 23.27326910771395
737000 23.303421119239808
738000 23.276275885133874
739000 23.286597811630234
740000 23.297166307947762
741000 23.272294571356596
742000 23.284681762535527
743000 23.288380899710013
744000 23.290258492941035
745000 23.278926446406224
746000 23.284650799284254
747000 23.308329569931878
748000 23.293356572810644
749000 23.32810761578876
750000 23.30662626800213
751000 23.285180345238185
752000 23.290996370512552
753000 23.299738272994144
754000 23.300199810547554
755000 23.292201824384275
756000 23.29992153403192
757000 23.29240143681869
758000 23.299768816033097
759000 23.322148232052548
760000 23.298992003584466
761000 23.296480915835286
762000 23.275437745647775
763000 23.331119247258627
764000 23.245966321856898
765000 23.26781453705563
766000 23.30946728108495
767000 23.279261884581484
768000 23.298339090589547
769000 23.29942017345564
770000 23.268036265459745
771000 23.34707301392444
772000 23.29052836383704
773000 23.29373259876962
774000 23.300064339724894
775000 23.307989491611863
776000 23.315093673487073
777000 23.28831852358431
778000 23.3223610043077
779000 23.263910988934203
780000 23.35514281071323
781000 23.273369312123346
782000 23.29656071323936
783000 23.29661782974022
784000 23.25325457379939
785000 23.312761950855354
786000 23.32272549752069
787000 23.307147897074277
788000 23.263821230494298
789000 23.3092670354382
790000 23.32588061309353
791000 23.334375340315916
792000 23.298881017572988
793000 23.257374016470415
794000 23.248492005524234
795000 23.28731812251334
796000 23.33445824708141
797000 23.25268266345221
798000 23.30997753664678
799000 23.27274707604893
800000 23.301376500317886
801000 23.29267046925911
802000 23.326061549386605
803000 23.309570956301926
804000 23.309736008111567
805000 23.256260624790333
806000 23.260671725456103
807000 23.295139647586815
808000 23.30107041444624
809000 23.340617732342047
810000 23.301466254610727
811000 23.280818419347174
812000 23.30962401868185
813000 23.30234978929208
814000 23.316869177445163
815000 23.297187654668907
816000 23.284139191118143
817000 23.335480029752947
818000 23.266391529883133
819000 23.323634401716077
820000 23.30010234839733
821000 23.277927659256466
822000 23.308364901984316
823000 23.296243304818695
824000 23.27794510267136
825000 23.320315358705095
826000 23.263533892885075
827000 23.289957155902336
828000 23.30070680240674
829000 23.35001693677534
830000 23.3264693327221
831000 23.278965415965498
832000 23.284724244999584
833000 23.278772079627316
834000 23.272922733319234
835000 23.286469959460195
836000 23.296273243089434
837000 23.29773033344632
838000 23.304165845358114
839000 23.244164051209808
840000 23.26378818678827
841000 23.291002942518737
842000 23.288719694788732
843000 23.28218269242548
844000 23.25546374801203
845000 23.341423730369055
846000 23.26851481638914
847000 23.29931112030093
848000 23.305425497053452
849000 23.268374599572166
850000 23.34001740133905
851000 23.315596200160208
852000 23.275773826332845
853000 23.294262975907714
854000 23.31260457815109
855000 23.290046439133935
856000 23.352885953310775
857000 23.287137360415485
858000 23.27094725632385
859000 23.32809410613297
860000 23.313930275661704
861000 23.324054019399675
862000 23.347049263543656
863000 23.332916212388056
864000 23.312870713984427
865000 23.367012598078205
866000 23.336895577464208
867000 23.316684661345807
868000 23.32092735096989
869000 23.32262014864738
870000 23.35524765725223
871000 23.366741563088212
872000 23.3061215952852
873000 23.328658673362344
874000 23.362121669330072
875000 23.315887932783205
876000 23.35472497830594
877000 23.281339987566835
878000 23.316384085374835
879000 23.263554545258568
880000 23.344462653697498
881000 23.30673353547118
882000 23.31560672695663
883000 23.28284837449039
884000 23.318775936337236
885000 23.27466746238263
886000 23.332916384490158
887000 23.309916477912008
888000 23.324985509878964
889000 23.254149197680242
890000 23.24661048592488
891000 23.274819358418284
892000 23.288524066170133
893000 23.305508108587475
894000 23.291083298086598
895000 23.2863124544634
896000 23.311475983757816
897000 23.233004361457066
898000 23.292010199676803
899000 23.266731580249388
900000 23.27644796276354
901000 23.29534970249209
902000 23.297243925697195
903000 23.289427663203668
904000 23.27813409840648
905000 23.302190270533988
906000 23.27573486602127
907000 23.26644073559704
908000 23.239897117905702
909000 23.25026932233124
910000 23.26945880422462
911000 23.248323487020958
912000 23.217819682193856
913000 23.3071011478776
914000 23.27392994259951
915000 23.31115709307988
916000 23.274451239006442
917000 23.315692382998883
918000 23.3153605070209
919000 23.270155017984017
920000 23.280297784640872
921000 23.289480042036146
922000 23.332584651490638
923000 23.250331838701022
924000 23.244409001791528
925000 23.26058265647598
926000 23.329107234245598
927000 23.26475139655901
928000 23.32345413822865
929000 23.298788185327975
930000 23.28886573479024
931000 23.258330418975703
932000 23.290067182133853
933000 23.272051412765258
934000 23.29483968737986
935000 23.26911838851867
936000 23.295955928512843
937000 23.265072688348372
938000 23.248423319081365
939000 23.268676048659263
940000 23.25233826589964
941000 23.317805188217115
942000 23.317224522748912
943000 23.306987229500855
944000 23.266120893959815
945000 23.30017054950351
946000 23.282757335651045
947000 23.33813755418462
948000 23.324950205213508
949000 23.29283808218441
950000 23.255695836765167
951000 23.30279458097744
952000 23.316452049189166
953000 23.302018982052516
954000 23.27809470465315
955000 23.313894961119548
956000 23.315437669321707
957000 23.31367756138138
958000 23.245425261929487
959000 23.28694652876316
960000 23.292556285004036
961000 23.309862588828647
962000 23.299587438603723
963000 23.295930024982876
964000 23.33960589621709
965000 23.318455004221097
966000 23.300147809511934
967000 23.333949700044887
968000 23.296579601492695
969000 23.328737069661365
970000 23.319834579782682
971000 23.30074509353081
972000 23.316941932302225
973000 23.30867073921693
974000 23.276261732859272
975000 23.34345298307229
976000 23.256327364017665
977000 23.306627351120106
978000 23.332761702615894
979000 23.290374720065678
980000 23.30631527654611
981000 23.321182147976845
982000 23.31400536554363
983000 23.327234013215186
984000 23.298639670876554
985000 23.331300269499838
986000 23.27305000761258
987000 23.27551061939451
988000 23.28409520819696
989000 23.317394304100386
990000 23.27468805318112
991000 23.312108030216972
992000 23.29986827101103
993000 23.336131221987667
994000 23.2927787307757
995000 23.258427202323233
996000 23.263301961515687
997000 23.315718082695856
998000 23.324447923332563
999000 23.32514502570392
1000000 23.325570902092643
