0 23.616296166108917
1000 23.549528583555325
2000 23.64510466582863
3000 23.574219203782793
4000 23.635049838388966
5000 23.64410474485509
6000 23.584659502799948
7000 23.632144678970885
8000 23.58850697255355
9000 23.583717689133923
10000 23.568892037786163
11000 23.581152675402745
12000 23.560821448902047
13000 23.587847259297774
14000 23.600628018265944
15000 23.598944263101203
16000 23.588071251007015
17000 23.62118548350678
18000 23.622234885985016
19000 23.598458547765617
20000 23.64544288167525
21000 23.623788111316056
22000 23.582622098817193
23000 23.594821260246796
24000 23.58938967510909
25000 23.6218149132211
26000 23.606891432768844
27000 23.582125922994525
28000 23.62298446142514
29000 23.611817535947377
30000 23.636984886141562
31000 23.562146688510936
32000 23.58719039050078
33000 23.565724382831903
34000 23.62671526457045
35000 23.594142170309546
36000 23.61240857036616
37000 23.57630430885448
38000 23.598439044119257
39000 23.605396579489273
40000 23.621791437040855
41000 23.605408355815364
42000 23.598653390445143
43000 23.63319749269781
44000 23.62177607224485
45000 23.5983843852644
46000 23.60416610327127
47000 23.59747640635742
48000 23.585557361847155
49000 23.593014432231506
50000 23.554224988537005
51000 23.62849901805848
52000 23.59731119064081
53000 23.60901522381179
54000 23.567226504121777
55000 23.596119091706917
56000 23.57107888654258
57000 23.543892783123777
58000 23.6056563644681
59000 23.581496982569636
60000 23.573863714491594
61000 23.60512558612799
62000 23.59062836230703
63000 23.559812490112797
64000 23.60406110225578
65000 23.554027904017726
66000 23.601525273754863
67000 23.599893909819638
68000 23.58697025927875
69000 23.602024379071988
70000 23.588551829123496
71000 23.601525475851027
72000 23.570468604027457
73000 23.57996354184954
74000 23.556948079923085
75000 23.570238157726145
76000 23.561028359104874
77000 23.562414923064082
78000 23.627792298784435
79000 23.547313369242065
80000 23.615408768582945
81000 23.564834088683604
82000 23.52227981533798
83000 23.570528198418735
84000 23.538787301466375
85000 23.579543832840365
86000 23.58319960920601
87000 23.5837226740479
88000 23.57578371201106
89000 23.55155669173265
90000 23.59707325695445
91000 23.601674308514493
92000 23.599771568060284
93000 23.59627167745825
94000 23.582449939550656
95000 23.623054682563495
96000 23.606318120926055
97000 23.61294422357985
98000 23.59815583822525
99000 23.615192112661088
100000 23.569710258738393
101000 23.573033654349633
102000 23.60158206516049
103000 23.553791272258565
104000 23.644439739882042
105000 23.64696543049361
106000 23.562309983792122
107000 23.561352021029005
108000 23.602847281174768
109000 23.589180912542457
110000 23.640980223916834
111000 23.56710834522576
112000 23.63719948036747
113000 23.614555551453552
114000 23.555137348515665
115000 23.575322205808643
116000 23.628510448404064
117000 23.61098061093598
118000 23.656848094637315
119000 23.6177396434985
120000 23.61317281314913
121000 23.613854987181114
122000 23.631915381109515
123000 23.614306060633666
124000 23.60088488737037
125000 23.616787048977475
126000 23.593822783164903
127000 23.59979765291948
128000 23.606765959258517
129000 23.597547074864003
130000 23.59382595693603
131000 23.598355670572833
132000 23.590413998753395
133000 23.607230067080504
134000 23.634068522289944
135000 23.59079700822692
136000 23.588429907389063
137000 23.598497994263617
138000 23.575834678538087
139000 23.627548245950788
140000 23.613897091124358
141000 23.6335186151028
142000 23.601953515105713
143000 23.574185029484553
144000 23.584501853594197
145000 23.59938458017992
146000 23.593410999340414
147000 23.586162998899017
148000 23.618342369108486
149000 23.556537545959454
150000 23.512308315300814
151000 23.58897627594678
152000 23.56665591474373
153000 23.60367537258564
154000 23.528720707741314
155000 23.57285293168637
156000 23.53039612510525
157000 23.604827051672682
158000 23.56535264753305
159000 23.594797725010036
160000 23.64740225673712
161000 23.617435407928003
162000 23.62009857603991
163000 23.571801247216932
164000 23.61457462652698
165000 23.609237413171712
166000 23.5576475956244
167000 23.574746652240112
168000 23.608340925121443
169000 23.562343572835946
170000 23.554837335100306
171000 23.582294900319383
172000 23.602908141670554
173000 23.605997180285645
174000 23.57893459870263
175000 23.591313360699438
176000 23.606693126355307
177000 23.639581058268405
178000 23.65580631638784
179000 23.58330945136974
180000 23.61776602622658
181000 23.660577568722076
182000 23.62084323330907
183000 23.6232546527743
184000 23.62611263732726
185000 23.634054589483306
186000 23.642173029457407
187000 23.62492837574894
188000 23.615608735224292
189000 23.598866874856146
190000 23.608796085255396
191000 23.64715258940703
192000 23.562226132933365
193000 23.585810224051233
194000 23.58718210651363
195000 23.606590872954897
196000 23.52704407379157
197000 23.560773357772636
198000 23.59311809715669
199000 23.56369575538204
200000 23.61199999585936
201000 23.610156636415798
202000 23.628310876415163
203000 23.549183748656045
204000 23.597800591706992
205000 23.564001693914868
206000 23.586055198429467
207000 23.601653934928393
208000 23.622960897796336
209000 23.600608048108505
210000 23.55722398382768
211000 23.586491549421737
212000 23.55769765600883
213000 23.540432182100695
214000 23.574362445617016
215000 23.554373416803276
216000 23.638826109442835
217000 23.61656828982045
218000 23.59386580092567
219000 23.565800128544687
220000 23.608891802924937
221000 23.581478557735416
222000 23.601498373796954
223000 23.595854015274853
224000 23.595769242333958
225000 23.582662539725366
226000 23.577131059689638
227000 23.551567507631912
228000 23.62775542227023
229000 23.523828506359507
230000 23.605266357922382
231000 23.587040060785686
232000 23.591514549450427
233000 23.602126633964637
234000 23.592587972786742
235000 23.584164069205517
236000 23.595769723923596
237000 23.572373959970452
238000 23.565250010255166
239000 23.625654684424067
240000 23.513251262707033
241000 23.540942100007804
242000 23.636937778149985
243000 23.652675211748015
244000 23.597959440549573
245000 23.610208786393457
246000 23.562769260348155
247000 23.597612915429938
248000 23.578795329228377
249000 23.54906142191929
250000 23.608063028404146
251000 23.59486203268604
252000 23.58007507734291
253000 23.541475382624
254000 23.640421877951294
255000 23.626153046166046
256000 23.615365055815236
257000 23.68984175080112
258000 23.675356443223443
259000 23.6097201069675
260000 23.581471807479275
261000 23.576025181545653
262000 23.61368451502182
263000 23.594189197025262
264000 23.587227116604485
265000 23.558585727205198
266000 23.55754208872732
267000 23.597642882576537
268000 23.618117577574218
269000 23.56617907538257
270000 23.63090772432025
271000 23.644996838019903
272000 23.627761931589156
273000 23.61492290745654
274000 23.615543071866092
275000 23.626346418673066
276000 23.642736600672706
277000 23.592977692401625
278000 23.588887634403655
279000 23.614793516379503
280000 23.56830692555056
281000 23.608212137514872
282000 23.608996717011973
283000 23.606784925725268
284000 23.61751888381992
285000 23.611620838197137
286000 23.579228791012284
287000 23.64069243812491
288000 23.594762708448258
289000 23.651325733686228
290000 23.604750715242655
291000 23.60165120845019
292000 23.620756441513684
293000 23.53674726408484
294000 23.63229409278913
295000 23.622484664500192
296000 23.577291576668376
297000 23.612139292482468
298000 23.56963311000141
299000 23.59143179884512
300000 23.614768859643377
301000 23.575258137219247
302000 23.598447593735045
303000 23.582784996185822
304000 23.52845863479499
305000 23.51821145373437
306000 23.590718517101156
307000 23.594947808798995
308000 23.597577250766637
309000 23.606003244937806
310000 23.572474715405473
311000 23.571340590349845
312000 23.555365780581983
313000 23.618998150217756
314000 23.57648430861536
315000 23.56999333645934
316000 23.598714836233864
317000 23.597686404255878
318000 23.590965227858742
319000 23.55326870535915
320000 23.55825894452616
321000 23.563555892254115
322000 23.544057226858296
323000 23.548212385753878
324000 23.577357877563973
325000 23.56442529847991
326000 23.59175120268893
327000 23.595844739212936
328000 23.59408946479927
329000 23.586199330708478
330000 23.5428942841658
331000 23.556329011343642
332000 23.556775786853922
333000 23.56208168084087
334000 23.542245324474948
335000 23.581052911632476
336000 23.579268503178774
337000 23.534655200043726
338000 23.588046415456382
339000 23.606872456283646
340000 23.602340212404346
341000 23.573249788249072
342000 23.610518167687022
343000 23.594696745013014
344000 23.573394348784504
345000 23.5592810423719
346000 23.53939890111462
347000 23.554062436594478
348000 23.59827514697747
349000 23.617681659840034
350000 23.55054478924739
351000 23.573138488477987
352000 23.557942747723995
353000 23.5996942415715
354000 23.542034215578717
355000 23.564445817521953
356000 23.597863635659547
357000 23.514255551271564
358000 23.58501907909688
359000 23.641614373116784
360000 23.57799396164566
361000 23.59503813461432
362000 23.51715094388805
363000 23.532807418024603
364000 23.533397766805987
365000 23.56034925529649
366000 23.562225010223546
367000 23.553117992969895
368000 23.543859082137622
369000 23.53754725286783
370000 23.59545773048124
371000 23.539830458843042
372000 23.59304900923898
373000 23.589146443451455
374000 23.590830247356603
375000 23.59516419274935
376000 23.55858950410899
377000 23.63381223415391
378000 23.577746754900968
379000 23.555345276885262
380000 23.623896920779938
381000 23.606907847184456
382000 23.578979421374683
383000 23.55740448843492
384000 23.688130672546862
385000 23.621088969247143
386000 23.58162323012138
387000 23.582629323956354
388000 23.62445986932534
389000 23.615857348503273
390000 23.609758529432312
391000 23.592870098356464
392000 23.596518997412417
393000 23.578336620047743
394000 23.64146846056468
395000 23.625282279870056
396000 23.57241280866077
397000 23.62002300768529
398000 23.5805983937176
399000 23.590619520458983
400000 23.565046549953035
401000 23.593785900470724
402000 23.593459108670835
403000 23.55469343289043
404000 23.535344362444263
405000 23.543409092134866
406000 23.619130560394265
407000 23.626087571603296
408000 23.594474493042267
409000 23.523080366008834
410000 23.559372689025345
411000 23.573274405564117
412000 23.654017967153766
413000 23.565612298119866
414000 23.584522384513857
415000 23.6510748184972
416000 23.58288960646676
417000 23.607608948009855
418000 23.579230257686238
419000 23.6349957157435
420000 23.610910107044177
421000 23.606519493007056
422000 23.649635852994525
423000 23.614617030493672
424000 23.622148955921105
425000 23.56001013674665
426000 23.624798437092224
427000 23.572935537310038
428000 23.520287107919092
429000 23.55887288301576
430000 23.518769190624294
431000 23.55082902861695
432000 23.574045950304754
433000 23.57800340461659
434000 23.564286720618362
435000 23.541071887062063
436000 23.62597379521831
437000 23.588202802231894
438000 23.599855219432047
439000 23.552350510210943
440000 23.567258629577438
441000 23.58953147468031
442000 23.546980464219658
443000 23.602502689096845
444000 23.576701384893507
445000 23.621093133153458
446000 23.53553830088065
447000 23.607610681467257
448000 23.585724036507887
449000 23.625547830904207
450000 23.601662078865182
451000 23.59876213534615
452000 23.618695509098156
453000 23.592374309531476
454000 23.56866731318831
455000 23.617740627173887
456000 23.636732669870998
457000 23.59187825338505
458000 23.60443099702552
459000 23.5993299985444
460000 23.610446142498883
461000 23.602999654735395
462000 23.605641796275826
463000 23.607522706336585
464000 23.592013177220068
465000 23.5807886974314
466000 23.540287262305046
467000 23.62574609120915
468000 23.58012393201531
469000 23.512702105760678
470000 23.54065635628761
471000 23.639733196884592
472000 23.610842822039373
473000 23.599153799009
474000 23.561793092664754
475000 23.566765703244716
476000 23.63044733548555
477000 23.585031547259717
478000 23.605455120979535
479000 23.607286279650513
480000 23.591175110232726
481000 23.558381684894538
482000 23.54397848013879
483000 23.57296368860255
484000 23.593662184815354
485000 23.591097617146136
486000 23.59289714813207
487000 23.569754943368686
488000 23.622217405384493
489000 23.599984577065523
490000 23.550524722319583
491000 23.576878377437666
492000 23.599125412009357
493000 23.585973023306664
494000 23.652001784116603
495000 23.58262401034087
496000 23.576034224742173
497000 23.54664002292423
498000 23.55060968416469
499000 23.650149164722208
500000 23.658459069473928
501000 23.62843212591007
502000 23.593203861228247
503000 23.604550366306256
504000 23.534621694326038
505000 23.59854417694637
506000 23.55824514642824
507000 23.58292050640581
508000 23.551172812844943
509000 23.57620215933014
510000 23.626654966278178
511000 23.60285408241956
512000 23.594467103515203
513000 23.624893197630062
514000 23.604090872344297
515000 23.624242306384748
516000 23.61441405639692
517000 23.65783903558273
518000 23.611833359741222
519000 23.607955740769043
520000 23.60808124876595
521000 23.619469915633076
522000 23.63070066619609
523000 23.60719048037876
524000 23.580062060147
525000 23.594271657825157
526000 23.594314227756264
527000 23.58380373725746
528000 23.57950536346917
529000 23.550841973277628
530000 23.58772570120854
531000 23.52045885440084
532000 23.49680544657224
533000 23.539272225555955
534000 23.599687598040703
535000 23.544065643507565
536000 23.53492425039667
537000 23.52742385309663
538000 23.553284286104578
539000 23.566115355252027
540000 23.582190849575674
541000 23.60781911198813
542000 23.596495949495427
543000 23.627598909263746
544000 23.563913402988387
545000 23.61879629379683
546000 23.586577541447497
547000 23.614504943021412
548000 23.601930043886348
549000 23.60126935346794
550000 23.58050735420137
551000 23.640839367482346
552000 23.57138410519339
553000 23.598783692949734
554000 23.614382130201616
555000 23.57624046924332
556000 23.617898289082287
557000 23.61304270158457
558000 23.63195082101763
559000 23.571685203382362
560000 23.65773309597244
561000 23.565154988061643
562000 23.67276450239323
563000 23.6262922544196
564000 23.581886989936663
565000 23.644232178851865
566000 23.59805176085667
567000 23.569114471497873
568000 23.548494714969923
569000 23.57761750188307
570000 23.566750741180208
571000 23.5852914600101
572000 23.642137688551767
573000 23.572617006452504
574000 23.58327905663437
575000 23.57125345892027
576000 23.552619935470062
577000 23.60739368932148
578000 23.616712790465055
579000 23.561782332223704
580000 23.55445465232802
581000 23.565256290350586
582000 23.659382845963602
583000 23.63415407159831
584000 23.587348522947945
585000 23.602644070990603
586000 23.589337363597423
587000 23.603176972497774
588000 23.597675167365185
589000 23.568074499346977
590000 23.6257272830833
591000 23.645332761747
592000 23.59237700500245
593000 23.572237159270053
594000 23.630411837620056
595000 23.57887315195306
596000 23.57127599768413
597000 23.584497522023476
598000 23.606714500120194
599000 23.623030529722076
600000 23.66764590841611
601000 23.606832828893058
602000 23.573517906966412
603000 23.6123421142049
604000 23.592424313551376
605000 23.61695792325802
606000 23.621600081458194
607000 23.602324984842912
608000 23.585556594960213
609000 23.622148560767677
610000 23.559296413112126
611000 23.59085802173257
612000 23.558264654828434
613000 23.59102352724998
614000 23.610103184281765
615000 23.56890074424452
616000 23.576724555034424
617000 23.608292174457475
618000 23.600163159884303
619000 23.61109532111042
620000 23.60515902644167
621000 23.599931541461725
622000 23.574073631609703
623000 23.61667503019497
624000 23.574738663655864
625000 23.639818757331927
626000 23.62407911747766
627000 23.578154104292125
628000 23.607660479329468
629000 23.60875515772388
630000 23.635195452333427
631000 23.593345288351156
632000 23.57032835999114
633000 23.613960171218952
634000 23.56401484354963
635000 23.57555440609109
636000 23.567967643621216
637000 23.610424826595345
638000 23.567004012777538
639000 23.60939290438105
640000 23.543021830225342
641000 23.595696628756443
642000 23.561969050136845
643000 23.570352671873692
644000 23.6046447245583
645000 23.543818684514402
646000 23.582586643512737
647000 23.599888050331245
648000 23.57714222980908
649000 23.5675762296469
650000 23.60506364742534
651000 23.546288507200128
652000 23.56057787866516
653000 23.621798982692027
654000 23.533663135348014
655000 23.5952703746731
656000 23.591634992452455
657000 23.591640005901343
658000 23.581165944672392
659000 23.54608796926604
660000 23.5732583609552
661000 23.594637916500655
662000 23.612316571682317
663000 23.566855863538887
664000 23.58036630308713
665000 23.56787040682753
666000 23.5258754606644
667000 23.575006536054385
668000 23.604713821884832
669000 23.546613102117806
670000 23.593744850513534
671000 23.58696054515289
672000 23.572897141319388
673000 23.61078885037065
674000 23.542399227480512
675000 23.616887671379285
676000 23.593092009391953
677000 23.574081956003354
678000 23.548904698025005
679000 23.59456625147742
680000 23.576295006744957
681000 23.59219002071963
682000 23.578840659588142
683000 23.548490593563532
684000 23.57746952394855
685000 23.57269117109549
686000 23.561610698171343
687000 23.574335976333547
688000 23.577376735390327
689000 23.562211432999128
690000 23.599676262508414
691000 23.647819005178597
692000 23.60150454054833
693000 23.57015684764503
694000 23.618708070155353
695000 23.583721384763766
696000 23.629623494202562
697000 23.635166566138654
698000 23.630282213147918
699000 23.583900301457735
700000 23.559693304769148
701000 23.616984181760266
702000 23.616458658955878
703000 23.536783911727923
704000 23.578325747814873
705000 23.62050405430516
706000 23.61637558374274
707000 23.573919035982982
708000 23.56804761986579
709000 23.570884046856964
710000 23.579824964051348
711000 23.559566292745274
712000 23.596720990449224
713000 23.54942401396462
714000 23.62508979471711
715000 23.557590460672884
716000 23.584514408512103
717000 23.592467953507658
718000 23.63541111246599
719000 23.576022622294293
720000 23.58455616765295
721000 23.600351348916146
722000 23.58190733440293
723000 23.577773996587904
724000 23.579036109184255
725000 23.543394403093284
726000 23.54271624650699
727000 23.542895495566288
728000 23.605407173641527
729000 23.611207179730066
730000 23.61380826916206
731000 23.57422669313408
732000 23.606916199470856
733000 23.59503883906457
734000 23.570706920828098
735000 23.58486763725078
736000 23.553023605771042
737000 23.53696517003162
738000 23.53933177408179
739000 23.587467656764964
740000 23.57649752285321
741000 23.612328368209333
742000 23.55851403149039
743000 23.58942064739828
744000 23.576367614401693
745000 23.60456699114757
746000 23.64886083373412
747000 23.587039210996405
748000 23.59125239708728
749000 23.61909868825307
750000 23.60902022773486
751000 23.571819209413338
752000 23.57608782399332
753000 23.605132538587423
754000 23.591936946701296
755000 23.6112780370125
756000 23.56744433879225
757000 23.552498272649085
758000 23.583014734004124
759000 23.579007473123216
760000 23.587190206658562
761000 23.56560038050178
762000 23.583494434596936
763000 23.659394659698314
764000 23.604620726246605
765000 23.510622644517493
766000 23.557831998844033
767000 23.593558136570028
768000 23.59175026981336
769000 23.571658232430675
770000 23.617552246215467
771000 23.60765526537938
772000 23.588911086210167
773000 23.588530041504768
774000 23.590907427330357
775000 23.554467264153807
776000 23.57347432702464
777000 23.591594728203695
778000 23.566459269247595
779000 23.588074946216025
780000 23.653828077043915
781000 23.636790467045603
782000 23.547602704130618
783000 23.669525778503463
784000 23.58293141050319
785000 23.565110436915546
786000 23.557682286038684
787000 23.674090858847052
788000 23.629659292130725
789000 23.645096368093974
790000 23.573251788055636
791000 23.597706814884887
792000 23.56973867255391
793000 23.594869355979778
794000 23.621782083066776
795000 23.609471766634925
796000 23.61701630148012
797000 23.596553468262965
798000 23.616115981702343
799000 23.575922051357136
800000 23.633023746415983
801000 23.627177901339667
802000 23.606035507825297
803000 23.55177340745448
804000 23.55808284973686
805000 23.59029629440085
806000 23.568445812437872
807000 23.58046571400944
808000 23.606704663599935
809000 23.622557274221553
810000 23.617700639606454
811000 23.568946887816328
812000 23.58873154249978
813000 23.540244871864157
814000 23.552212823555248
815000 23.61962462116521
816000 23.535007273321273
817000 23.553990518895613
818000 23.569070349994874
819000 23.596613971554945
820000 23.607844014530578
821000 23.564322387175366
822000 23.60468425330221
823000 23.575358297354946
824000 23.565728501770685
825000 23.566571736095177
826000 23.546016807408297
827000 23.60009030429806
828000 23.608422775702085
829000 23.62566838264279
830000 23.57526880998389
831000 23.591208504313784
832000 23.550200180203216
833000 23.53133445622353
834000 23.558719180792693
835000 23.57876482007712
836000 23.550177345570827
837000 23.54873922345049
838000 23.60104803673113
839000 23.512989894516615
840000 23.576735588192935
841000 23.548531290433402
842000 23.548825592825413
843000 23.54282534160428
844000 23.554618427452223
845000 23.586222407272803
846000 23.573870814759708
847000 23.5657467461984
848000 23.558480506835938
849000 23.59105264472343
850000 23.543287058413558
851000 23.58806242678669
852000 23.557002734415782
853000 23.56709299493502
854000 23.532935228438387
855000 23.584347887883453
856000 23.60289114440162
857000 23.603546604539606
858000 23.54683414181648
859000 23.55888043517093
860000 23.629480569339606
861000 23.539105676522343
862000 23.56023480800076
863000 23.60868679583987
864000 23.58928916752476
865000 23.54201073919895
866000 23.63421384722609
867000 23.582952959118145
868000 23.553285299592346
869000 23.61051147810039
870000 23.59100867962135
871000 23.553252213386795
872000 23.557765424034752
873000 23.610245594247964
874000 23.610933832489287
875000 23.564328657700237
876000 23.626837171468814
877000 23.56523679349279
878000 23.594139468680538
879000 23.58557263823055
880000 23.61567771442636
881000 23.594822097547024
882000 23.579716359194265
883000 23.5941646074512
884000 23.60258386553946
885000 23.54530091580846
886000 23.57211758989448
887000 23.558288928463686
888000 23.54842394559063
889000 23.54513130487057
890000 23.627713393853387
891000 23.564852693812814
892000 23.582253580099113
893000 23.588205407310753
894000 23.567764368445225
895000 23.606478931110647
896000 23.54558977688178
897000 23.635181786692847
898000 23.55434359050809
899000 23.590696417092346
900000 23.5095927158349
901000 23.54152775811276
902000 23.54857495810329
903000 23.579666443655796
904000 23.596561783669348
905000 23.585881097615687
906000 23.5724588738142
907000 23.571636657263404
908000 23.58164250597891
909000 23.565119434571756
910000 23.526713248273676
911000 23.559620815024317
912000 23.525580718127515
913000 23.5887135743068
914000 23.591698807640356
915000 23.617937306552417
916000 23.586176743861486
917000 23.612901432995272
918000 23.563156019356267
919000 23.649848632114605
920000 23.566414645413946
921000 23.57258074727465
922000 23.538906740711948
923000 23.541672824334388
924000 23.596472617824475
925000 23.56287695571934
926000 23.606817027826754
927000 23.597104339537648
928000 23.628058358541132
929000 23.591390162000756
930000 23.600187586375323
931000 23.563234246545807
932000 23.600976979543596
933000 23.541030905783614
934000 23.64153319028323
935000 23.61744445020302
936000 23.583036492787176
937000 23.60810013359071
938000 23.598687034583268
939000 23.602070704503866
940000 23.585906599263218
941000 23.61781841902499
942000 23.58523500297344
943000 23.5925404122054
944000 23.52768934938941
945000 23.676042183267597
946000 23.567196987636198
947000 23.59128762720742
948000 23.571176654607363
949000 23.594597055198022
950000 23.606778578672678
951000 23.577415231868873
952000 23.56349428090344
953000 23.576178878891223
954000 23.579138448059318
955000 23.633210723142614
956000 23.53835909853685
957000 23.613411706359148
958000 23.58807729387798
959000 23.588869917028045
960000 23.58410874186615
961000 23.577218478895272
962000 23.57689608212048
963000 23.58150119082268
964000 23.560608850808592
965000 23.599291119345196
966000 23.58613227642054
967000 23.594382411397362
968000 23.591683202298054
969000 23.62903032761106
970000 23.653852327723737
971000 23.626785871598035
972000 23.594751311239822
973000 23.585024017834687
974000 23.61678605705775
975000 23.616877393431995
976000 23.596135027678063
977000 23.679700053374095
978000 23.630636908919474
979000 23.576744181347774
980000 23.628773857119498
981000 23.65497344668973
982000 23.630270692045144
983000 23.660211051270597
984000 23.609696621856006
985000 23.61398725813084
986000 23.623030670933975
987000 23.615975656881055
988000 23.628442819616815
989000 23.612793121273665
990000 23.601077215965546
991000 23.57187797315036
992000 23.593021608430874
993000 23.615813165644433
994000 23.57554320053029
995000 23.589024816152474
996000 23.63531862992657
997000 23.623420736228198
998000 23.674967094763407
999000 23.62165715493935
1000000 23.63421391057097
