0 24.003170860573988
1000 23.984245476620316
2000 23.987953781573932
3000 24.020740306635272
4000 23.959708564639712
5000 23.98214113759436
6000 23.97995525076038
7000 23.929173551912573
8000 23.990056631281924
9000 23.945799098203086
10000 23.942998267064304
11000 23.998107623519207
12000 23.975677172546895
13000 24.00429274302756
14000 23.959628474056895
15000 23.929404224144154
16000 23.91005793709609
17000 23.952151850284746
18000 23.98376160121563
19000 24.023428513902264
20000 23.965935647663937
21000 23.97538616672965
22000 23.91167197390864
23000 23.91467829068718
24000 23.974312570140487
25000 23.978868187475125
26000 23.95282894352283
27000 23.951510253620775
28000 23.963208322703547
29000 23.92238763108062
30000 23.92540412169157
31000 23.917456575788574
32000 24.040307117270082
33000 24.019330384261654
34000 23.96425569157431
35000 23.961044087667698
36000 23.985343745067038
37000 23.99075798301916
38000 23.94986389592646
39000 23.97361984595609
40000 23.928082683973408
41000 23.95455957379301
42000 24.005400209533178
43000 24.001461163366486
44000 24.031692813478067
45000 23.937349387360054
46000 23.95326740253437
47000 23.95553878250631
48000 24.038026025204882
49000 23.93455986089521
50000 23.923079451494488
51000 24.001791870971317
52000 23.946592061161994
53000 23.980525257286903
54000 23.94421222201734
55000 23.9732855381634
56000 23.99617228720602
57000 23.984221706137358
58000 23.99303508505544
59000 23.98981490932161
60000 23.97897907496818
61000 23.97724068489016
62000 23.933422065697233
63000 23.960407210779756
64000 23.996519396731095
65000 23.92384334392902
66000 23.921931454493173
67000 23.98733035204828
68000 23.95980264962581
69000 23.95154858675424
70000 23.95274301159222
71000 24.006669083723857
72000 23.94203963536742
73000 24.003122686644947
74000 23.967657675978742
75000 23.944774700789324
76000 23.952107113249237
77000 23.934936849440355
78000 23.96961880745731
79000 23.98410105718408
80000 23.939482302368347
81000 23.969006552896122
82000 23.96613391985255
83000 23.951894945704417
84000 23.957275945822214
85000 23.962928709073665
86000 24.036202247122823
87000 24.007491959053755
88000 24.006057490086143
89000 23.98289793698316
90000 23.991546754485142
91000 24.01234097589531
92000 24.02760124331551
93000 23.956648994441746
94000 23.97865865465421
95000 23.959608982820093
96000 23.958313950641816
97000 23.90186556324926
98000 23.987076101785767
99000 23.973998697336913
100000 23.97507421233843
101000 23.916601433827907
102000 23.95990487776458
103000 23.952665153135754
104000 23.972722152082312
105000 23.916130990078887
106000 24.00420659241678
107000 23.93636963245859
108000 23.95362172156665
109000 23.952545499482678
110000 23.993154480805863
111000 23.92132415109256
112000 23.94467915430713
113000 23.96421082051307
114000 23.945515603123685
115000 23.929807777578667
116000 24.03663917007399
117000 24.03257437398214
118000 24.0277436563685
119000 23.94452388246664
120000 23.975898749048874
121000 23.97837575377756
122000 23.977729117090906
123000 24.018252149296604
124000 23.971789073555037
125000 23.989929736028163
126000 23.964288712575776
127000 23.97196176287286
128000 23.992747838505384
129000 23.946144900670852
130000 23.950559491652854
131000 23.941214709924445
132000 23.923137185552186
133000 23.93273635045382
134000 23.969206816736026
135000 23.92953171449664
136000 23.98485549644886
137000 23.959418312276632
138000 23.92274465982578
139000 23.896303107655132
140000 23.956934567284783
141000 23.925182370704157
142000 23.958969197275554
143000 23.98527393073728
144000 23.978176782589305
145000 23.916456674822722
146000 23.973492564906234
147000 23.924976238356116
148000 23.973792585395437
149000 23.9575502844682
150000 23.90953721473374
151000 23.95533995806353
152000 23.946020874792044
153000 23.941951260804107
154000 23.927368309197796
155000 23.911548741272505
156000 23.99501282653296
157000 23.98457498940745
158000 23.93089637100872
159000 23.95165983421677
160000 23.911405745138925
161000 23.949993579731522
162000 23.96748127699688
163000 23.96728308187091
164000 23.99264362266699
165000 23.946251724854154
166000 23.919221612481177
167000 23.968951245811645
168000 23.945872597682378
169000 23.9589976145042
170000 23.919148966780558
171000 23.927337216567732
172000 23.931869031830114
173000 23.92862236620123
174000 23.966002544570458
175000 23.90295578829223
176000 24.026579848497402
177000 23.99797582437659
178000 23.943599028559188
179000 23.978117570355767
180000 23.980740934435158
181000 23.911419676870885
182000 23.959088331259007
183000 23.887988314845696
184000 23.910038205332174
185000 23.931920231576484
186000 23.927983773005728
187000 23.959124545549194
188000 23.92934354249504
189000 23.982367938569087
190000 24.01050783263039
191000 23.9714599264926
192000 23.97957992519772
193000 23.942592265859737
194000 23.977479350354876
195000 23.938032901741522
196000 23.91218788098798
197000 23.977778283081943
198000 23.997002311957598
199000 23.971742907348112
200000 24.050788168210772
201000 24.004974537726874
202000 23.99654329263715
203000 23.994057604019225
204000 23.995795671445094
205000 23.967364466905085
206000 23.959657828008044
207000 23.928325481751443
208000 23.991386706062773
209000 24.00378493195062
210000 23.970667903343617
211000 23.976440259747097
212000 23.91900141476892
213000 23.92170593983379
214000 23.978364045461422
215000 23.95533184980608
216000 23.917683038339664
217000 23.97728371778381
218000 23.943308326899857
219000 23.93719298032446
220000 23.97400513823082
221000 23.97369011715637
222000 23.99010326526163
223000 23.99985880612468
224000 24.026354299928265
225000 24.01107418120132
226000 24.0236780918268
227000 23.98153663203133
228000 23.913865203054087
229000 23.994780596976565
230000 23.983103060764805
231000 23.930425802207097
232000 24.01416659890055
233000 23.98720283845455
234000 23.90373886796671
235000 23.980791866486
236000 23.945166848586435
237000 23.968631899617034
238000 23.915364733070184
239000 23.997347670403435
240000 23.951333363404448
241000 24.001459436812855
242000 23.864167094408227
243000 23.956257193276777
244000 23.972998424904674
245000 23.971467232866704
246000 23.972865021949293
247000 23.9502313469007
248000 24.031501674636118
249000 24.015086069588264
250000 23.96230178645689
251000 23.98441004968186
252000 23.91767960278363
253000 24.022279599748877
254000 24.02296566800856
255000 23.978820733619152
256000 23.97534270348646
257000 24.003559012098155
258000 23.95255841665413
259000 23.954547799727536
260000 23.945283536003295
261000 23.970318348363502
262000 24.01090675320622
263000 23.905367273600113
264000 23.977054157813196
265000 24.023409621606614
266000 24.009928005124433
267000 24.000831281774445
268000 23.971935517902384
269000 23.918624921917196
270000 24.001090850295093
271000 23.964861110831976
272000 24.005624496221422
273000 23.977769553593046
274000 23.99275374122704
275000 23.961486710678873
276000 23.997725371348277
277000 23.941704211081003
278000 24.018654358676187
279000 23.987730658733813
280000 23.965022049782576
281000 24.003325621395522
282000 23.942628770803495
283000 23.97665448225781
284000 23.941083795104344
285000 23.930295872736874
286000 23.961859934538236
287000 24.006372153291604
288000 23.96155246070283
289000 23.93633114462642
290000 23.986064911955356
291000 24.046803165515477
292000 23.976329819683908
293000 23.94040603749164
294000 23.930156316081476
295000 23.956920620346704
296000 23.902456976016456
297000 24.005044286945676
298000 23.93014439874873
299000 23.93250805740395
300000 23.987115158962663
301000 23.993027430208397
302000 23.974187379281197
303000 23.996700793997793
304000 23.94063882304521
305000 23.914284411257544
306000 24.030661573368906
307000 23.908147264188326
308000 23.977799847665903
309000 23.959112599446893
310000 23.965494696371348
311000 24.02097196337971
312000 24.022105886959363
313000 24.049681818350823
314000 23.98405073099471
315000 23.913636343841358
316000 23.973882811104218
317000 24.006581335269026
318000 23.999384180953168
319000 24.005133526964915
320000 23.967092407339486
321000 23.969865201536944
322000 23.948198469813505
323000 23.923574371003493
324000 23.974660848068417
325000 23.963891011092535
326000 23.944899044345938
327000 23.971344830223515
328000 23.95314191868198
329000 23.95896160243007
330000 23.955595233589133
331000 23.929583652964276
332000 23.902543654475497
333000 23.954585401926305
334000 24.000959877371287
335000 23.981637541195692
336000 23.96463567209155
337000 23.94707751832722
338000 23.892499127882086
339000 23.991889278529943
340000 23.9418352232922
341000 23.965811131060683
342000 24.062504197656555
343000 23.985457450242006
344000 24.050536439151557
345000 23.972768069581477
346000 23.925074472028225
347000 23.993077226887287
348000 24.00904805733569
349000 23.99869998561785
350000 24.01453188786955
351000 23.966917938472413
352000 23.982561030629864
353000 23.986925081976796
354000 23.99165341492247
355000 23.943304836009208
356000 24.02176240082769
357000 23.982066412027187
358000 24.009399481849343
359000 23.974016518882074
360000 23.956028879214397
361000 23.967148713421732
362000 23.927304133412747
363000 23.993716357139622
364000 23.94551756111528
365000 23.972445762693223
366000 23.9493527450788
367000 23.957295354650327
368000 24.00704124223596
369000 24.0025684347014
370000 23.974812471302513
371000 23.926439041204063
372000 23.936883378228018
373000 23.915820030464015
374000 23.919542319990967
375000 23.957746407345457
376000 23.949117710494477
377000 23.940235040591507
378000 23.935766166767785
379000 23.991864040610114
380000 23.959654632660385
381000 23.98478999123938
382000 23.96852905500061
383000 23.93959338608837
384000 23.949480942125067
385000 23.98011012206681
386000 23.96256507829512
387000 23.93291703416901
388000 24.012453135413
389000 23.962526127545814
390000 23.98788378769936
391000 23.905643766231897
392000 23.936727991917724
393000 23.896885007104302
394000 23.975888643772777
395000 23.929282970194073
396000 23.937730259044155
397000 23.980569175474837
398000 23.91334027590035
399000 23.94105891682836
400000 23.9399519676284
401000 23.967367623247778
402000 23.939523435328084
403000 23.908936073432002
404000 23.931407837087033
405000 23.903736992759974
406000 23.935317520899808
407000 23.987100865181603
408000 23.946712602892717
409000 23.946193099502405
410000 23.944065144641748
411000 23.999205648670365
412000 23.95835224358493
413000 23.96046101749517
414000 23.97607750375258
415000 23.98205486558732
416000 23.99644275622354
417000 23.99129591480636
418000 23.95547227453872
419000 24.025248804961805
420000 23.998744080138042
421000 24.040568618213147
422000 23.952353591139136
423000 23.98060103161323
424000 23.961366766865584
425000 23.92286301115981
426000 23.967209854136836
427000 23.96065263105219
428000 23.929095775673893
429000 23.92581613582863
430000 23.891828959888162
431000 23.953031674614447
432000 23.963233640557394
433000 23.961432005845012
434000 23.943037525146238
435000 23.92110713180703
436000 23.95529246727855
437000 23.937641167405115
438000 23.99213349928767
439000 23.981797659235525
440000 23.924799932148773
441000 23.929186891359244
442000 23.978603359319802
443000 23.92152255967657
444000 23.926845744101627
445000 23.94597626279952
446000 23.90584471310391
447000 23.959972728492648
448000 23.99681476922459
449000 23.957522258099335
450000 23.960414141073382
451000 23.917725942561777
452000 23.971871481379466
453000 23.9611115252407
454000 23.920645368392456
455000 24.000470373329406
456000 23.979035544767505
457000 23.960121840176537
458000 23.91632423223409
459000 23.95862909322755
460000 23.99205916829276
461000 23.95638162171197
462000 23.90619234072872
463000 23.896242552982454
464000 23.992095792760257
465000 24.002523531290915
466000 23.972358952687085
467000 23.97057966886557
468000 23.992190066263905
469000 23.92301321833062
470000 23.971455032125586
471000 23.983868048401245
472000 23.985810103194407
473000 23.92408953504916
474000 23.99175696425376
475000 23.987755062521046
476000 23.927495919402418
477000 23.921759323596444
478000 23.93637717979606
479000 23.958761514850785
480000 23.962682074969035
481000 23.968927597134552
482000 23.93047958332501
483000 23.97952386832652
484000 23.995741050782105
485000 24.00860512106035
486000 23.96951188482227
487000 23.928606422692017
488000 23.919082552170497
489000 23.96457635526587
490000 23.960528875772617
491000 24.051519980896334
492000 23.949350500210038
493000 23.990410589673644
494000 23.95958918754386
495000 23.921254770625097
496000 23.93594694341207
497000 23.936251708851827
498000 23.93805467833561
499000 23.92170374811286
500000 23.95792349459621
501000 23.934151373174533
502000 23.935400983342358
503000 23.9270623475932
504000 23.934068243988097
505000 23.932421434005697
506000 23.907764206687354
507000 23.9562104418171
508000 23.965734584697078
509000 23.990463169481536
510000 23.995447971219086
511000 23.913611393016662
512000 23.96750945934399
513000 23.92494815232912
514000 23.956218895624538
515000 23.981005278816617
516000 23.92312954390495
517000 23.960768724349954
518000 23.93319527394527
519000 23.99265451074501
520000 23.99988776310946
521000 24.020654039835566
522000 23.978714123884348
523000 23.969784681543572
524000 23.928026952376793
525000 23.975824406536624
526000 23.96141007442644
527000 23.904443336184407
528000 23.990000513456117
529000 23.978478071012088
530000 23.983946696412527
531000 23.962152593189742
532000 23.93813238098407
533000 23.98692950345553
534000 24.014668696911308
535000 23.918953850277436
536000 23.968394951366587
537000 23.926648309296308
538000 23.99551941660826
539000 24.008923150817
540000 23.958270638282627
541000 23.99406896864442
542000 23.98850871129883
543000 23.99891099748386
544000 23.964776283894295
545000 23.999489305972258
546000 24.017542848768
547000 24.025391342402
548000 24.01998462817605
549000 23.974021152232748
550000 23.949240666366027
551000 24.000479835177902
552000 24.077831192691196
553000 24.017740955791606
554000 23.90943371357842
555000 23.970199878561505
556000 23.98367071576205
557000 23.951183050740923
558000 23.911554179849027
559000 23.993662576525175
560000 23.96340163844847
561000 23.944084261269115
562000 24.07731081651877
563000 24.00145424198538
564000 23.945497357539928
565000 23.957155203565033
566000 23.956686294028433
567000 23.978528838248256
568000 23.981180982783833
569000 24.04842704466843
570000 23.98798982144286
571000 24.028733099997694
572000 24.006307739694883
573000 23.951466203506506
574000 23.94356503520645
575000 23.929200150266805
576000 23.97246779272471
577000 23.993530933493297
578000 23.985956689477835
579000 24.000761415012477
580000 23.882739852535586
581000 23.951224899847347
582000 24.003788424654296
583000 23.931138039342752
584000 23.97832190837306
585000 23.965232331148115
586000 23.965516122521077
587000 23.96725348363713
588000 23.957299222113754
589000 23.94033320805039
590000 23.953272529668297
591000 23.981944960598746
592000 24.00691614431101
593000 23.979460224309268
594000 23.99530566369478
595000 23.97624376780866
596000 23.925907443868844
597000 23.985142046468198
598000 23.96001865705048
599000 23.971891233293984
600000 23.992094245446605
601000 23.936950205124067
602000 23.934017896775153
603000 23.9018464062214
604000 23.96375218739803
605000 24.013152453796152
606000 24.001352069604735
607000 23.971054753788348
608000 23.95627057172563
609000 24.036311036031858
610000 24.03875184644556
611000 23.97686704720009
612000 23.995114755375965
613000 23.96309086177419
614000 23.95360213268283
615000 23.890401876426584
616000 23.941434060412014
617000 23.96150830644831
618000 23.96721090809412
619000 23.95248016527503
620000 23.923909507735665
621000 23.99713639486459
622000 23.92199725139409
623000 23.928656574210486
624000 23.975356840942823
625000 24.00633071501923
626000 23.93484741429128
627000 23.97656429420124
628000 23.948058564377124
629000 23.95583624389532
630000 23.940727971537964
631000 23.961575153966525
632000 23.94946393339128
633000 23.972643125646655
634000 23.964226668740412
635000 23.977018868352722
636000 23.972177666382674
637000 24.02367973341857
638000 23.982531910572582
639000 23.9220042903503
640000 23.925085633610415
641000 24.028378419276976
642000 23.970188394144298
643000 23.969565383976875
644000 23.991277920834676
645000 23.951179945004807
646000 23.9568314143009
647000 23.91985544365495
648000 23.917758269139057
649000 23.912669928904375
650000 23.95908355831019
651000 23.94213803560976
652000 23.836333393036103
653000 23.905890790732055
654000 23.91074625736188
655000 23.955267270566363
656000 24.02423558509459
657000 23.937731682599196
658000 23.94150706478851
659000 23.96296056781391
660000 23.966897339658637
661000 23.977287034103792
662000 24.008613892755914
663000 24.00315676878698
664000 23.988104416313558
665000 23.926037783632694
666000 23.89856712757511
667000 23.940779880392835
668000 24.011440375700197
669000 23.927071026000384
670000 23.941815038784053
671000 23.943050218399684
672000 23.990733785814918
673000 23.972568498608457
674000 23.97685218567063
675000 23.954459227763333
676000 23.971234538173245
677000 23.97750168377523
678000 23.94066227816044
679000 23.910923845007183
680000 23.940428547044075
681000 24.00807320477116
682000 23.954542121208302
683000 23.92423063652177
684000 23.903986865975238
685000 23.933954342445137
686000 23.947243405961324
687000 23.964543877603642
688000 24.01015720319448
689000 23.96551682010103
690000 23.996847222323108
691000 23.99929150816006
692000 23.91691248290464
693000 23.943498304401036
694000 23.9452400432549
695000 23.972460051890657
696000 24.009390918205593
697000 23.967610210941196
698000 23.965464409219415
699000 23.93217083700467
700000 23.981274044247474
701000 23.946386137873837
702000 23.965113627830153
703000 23.969413445704305
704000 23.95387131169987
705000 23.97239287951695
706000 23.985775743424647
707000 23.947773237096392
708000 23.988917105091687
709000 23.936944481880058
710000 24.003992355852926
711000 23.957063186936153
712000 23.9668259230791
713000 23.97481961483141
714000 23.985841610631773
715000 23.95262236382637
716000 23.98688590954945
717000 23.939016609264876
718000 23.9890028040457
719000 23.952718732645057
720000 23.994672520918208
721000 23.982214509101464
722000 23.94586516932987
723000 23.931127959866014
724000 23.9845702130989
725000 24.012850839070662
726000 23.977574418197133
727000 24.00485174814734
728000 23.96866129160467
729000 24.010294542132332
730000 23.998901527760214
731000 23.931105184314468
732000 24.05421439561203
733000 23.93586554295259
734000 24.01188474746006
735000 23.913025225367484
736000 23.976393315526295
737000 23.987777097623564
738000 23.99345603578089
739000 23.950353082138435
740000 23.96001512423255
741000 23.95987839969005
742000 23.95792455196675
743000 23.943103436010414
744000 23.954027272065723
745000 23.98085448201041
746000 23.938223534147824
747000 23.99528691849383
748000 23.957823777271077
749000 24.006096542318108
750000 23.962190948200668
751000 23.940209290050827
752000 23.978669362416767
753000 24.00820440460821
754000 23.941667333711898
755000 23.935442469336753
756000 24.004362239344914
757000 23.920138643673994
758000 23.95724164068794
759000 23.94285667763674
760000 23.95427263902936
761000 23.91883564031792
762000 23.91139570861641
763000 23.948352018890898
764000 23.94353644234204
765000 23.928010075967855
766000 23.935166319908404
767000 23.957132103049016
768000 23.99695537485902
769000 24.03429083813757
770000 23.94147842287143
771000 23.948646286394027
772000 23.943729439766308
773000 23.953050222670004
774000 23.937886089587938
775000 23.97206453990237
776000 23.930696226769555
777000 23.955356233965844
778000 23.974366725134633
779000 24.020579979541143
780000 24.003548589829446
781000 24.00160768790115
782000 23.96554301605246
783000 23.93501965318104
784000 23.916687397933032
785000 23.965082965059842
786000 23.950484287394513
787000 23.9692186780495
788000 23.93385030123728
789000 24.001507343919865
790000 23.994461922572402
791000 24.031393597320925
792000 23.9751916839457
793000 23.955938471852956
794000 24.002236364949578
795000 23.930036523860466
796000 23.954225163126416
797000 24.017082678293797
798000 23.957997614022194
799000 24.013701753678703
800000 23.978030480455917
801000 24.0322257807096
802000 23.986363478577793
803000 23.9503937216967
804000 23.968351101839964
805000 23.931342841955175
806000 24.028239071293076
807000 23.940833756729578
808000 23.986292344778125
809000 23.93805376276157
810000 24.019207959321342
811000 23.920737871278025
812000 23.983465953684583
813000 23.943798120922434
814000 23.991842701686878
815000 23.925621502422842
816000 23.948902815245038
817000 23.948366314255896
818000 23.91793971508366
819000 23.98402590773873
820000 23.981388902713007
821000 23.954411106647306
822000 23.997755925526974
823000 23.986830992949272
824000 23.991835127313976
825000 23.946827028421744
826000 23.986952411234974
827000 24.004403293329684
828000 23.927267766681084
829000 23.993836853429137
830000 24.006093116634943
831000 23.906641253165784
832000 23.95759763368162
833000 23.934134716204042
834000 23.98080752155208
835000 24.017065463611107
836000 23.93090357010118
837000 23.958985153076384
838000 24.001144304232174
839000 23.95402179857227
840000 23.9712447964848
841000 23.98259328915368
842000 23.928854136208024
843000 24.011375637453703
844000 24.028684101075584
845000 23.97945704951261
846000 23.99162736202132
847000 23.90200133573326
848000 23.926931357636615
849000 23.934926359300157
850000 23.99319803223836
851000 23.97041598211291
852000 23.980589774260086
853000 23.96069629081096
854000 23.978921055769426
855000 23.986510998818755
856000 23.91519543129668
857000 23.982912175521157
858000 23.96169834956224
859000 23.98000359865518
860000 23.920953200478394
861000 23.951762451578062
862000 23.99772036980241
863000 23.978152008532813
864000 23.985102761661587
865000 23.95297319505603
866000 23.937550189998806
867000 23.891138898218824
868000 24.00441380795211
869000 23.992793938451257
870000 23.930024482202693
871000 23.98401026585746
872000 23.976607485620033
873000 23.97096575574879
874000 23.959892779237585
875000 23.94606300893839
876000 23.990760812194086
877000 23.94614020392861
878000 23.962345439028073
879000 23.930576331148828
880000 23.92333908450829
881000 23.957718353410378
882000 24.004466054993646
883000 24.016874238765002
884000 24.023594395113648
885000 23.93123834742923
886000 23.971895977107124
887000 23.978670145579887
888000 23.94588783883073
889000 23.96662595880124
890000 23.95157014377483
891000 24.004130055067954
892000 23.93343094485394
893000 23.88168854965866
894000 23.967868909261355
895000 23.907413633804985
896000 23.94637370363293
897000 23.987230106479014
898000 23.942758558676548
899000 24.010728969028545
900000 23.91107673204582
901000 23.980987848313156
902000 23.943347918045887
903000 23.97520427322689
904000 23.99358873133324
905000 23.94854944488716
906000 23.911020043960765
907000 23.993003528276642
908000 23.90786951988068
909000 23.956881174564018
910000 23.971843273111354
911000 23.982316700893275
912000 23.968473969352306
913000 24.004981084641695
914000 23.96356536730495
915000 23.964038609125975
916000 23.95432369513467
917000 23.987709345305383
918000 23.9148366568069
919000 23.93086109747403
920000 23.94815143732224
921000 23.945510443326665
922000 23.938322644286465
923000 23.97063966397213
924000 23.897004638383176
925000 23.907510619891692
926000 23.966674481982622
927000 23.962439920115802
928000 23.944927764286
929000 23.972640105339703
930000 23.891793826273023
931000 23.959364093296603
932000 23.954683500377698
933000 24.017664228133498
934000 24.024876998273093
935000 23.94586059284329
936000 23.91288534144871
937000 23.921000279287522
938000 24.015764008164915
939000 23.933965949126726
940000 24.035449479686086
941000 23.946809557647477
942000 23.92113155822787
943000 23.92217640937248
944000 23.931053854842474
945000 24.004522715792806
946000 23.94913036314023
947000 23.954760734392707
948000 24.027535312731878
949000 23.954190141226213
950000 24.002343549428975
951000 23.9741124486935
952000 23.912355320221867
953000 23.987928232875838
954000 23.92109443975112
955000 23.976191421107927
956000 23.97608877508772
957000 23.95153217521463
958000 23.944863247046243
959000 23.92937307582603
960000 23.932498076043874
961000 23.86526497734931
962000 23.973582600940993
963000 23.998889533589924
964000 23.918484694460656
965000 23.955457508126845
966000 23.959697935517568
967000 23.984949640920256
968000 23.95754861797406
969000 23.933159887320503
970000 23.93137152205151
971000 23.976763289708657
972000 23.97826682180183
973000 23.889433039141093
974000 23.924763924482367
975000 23.97615025849572
976000 23.93165172348835
977000 23.93439096209333
978000 23.975531943698723
979000 23.980065744301776
980000 23.93521238224476
981000 23.916561049828374
982000 23.940907941350044
983000 23.96159367777221
984000 23.923380930162555
985000 23.98920327580577
986000 23.96527518941662
987000 23.99479127578717
988000 23.94995032546184
989000 23.981380841804235
990000 23.95400617625957
991000 23.966425749495496
992000 23.956656490269438
993000 23.976008466307704
994000 24.005218677294568
995000 23.911489918801752
996000 23.953663009175852
997000 23.956264834911018
998000 23.96133713890199
999000 23.9683216344531
1000000 24.029342458607285
