0 23.447429790686268
1000 23.424238746640167
2000 23.435635905939595
3000 23.40828285142171
4000 23.41208002965119
5000 23.40159691094886
6000 23.405750282729436
7000 23.400081332297997
8000 23.392983852703352
9000 23.41079524497624
10000 23.368908629883553
11000 23.445849242024057
12000 23.376402514995824
13000 23.45217142780872
14000 23.444468235576092
15000 23.402281247580568
16000 23.406996732502627
17000 23.414376511902617
18000 23.413250960624897
19000 23.421780172365803
20000 23.437929450381503
21000 23.400190027564292
22000 23.398859719309684
23000 23.414289391727465
24000 23.406719789816407
25000 23.39471413844109
26000 23.423595864984208
27000 23.376116625749482
28000 23.39843718460767
29000 23.428014519141794
30000 23.383727848561147
31000 23.355235678484245
32000 23.416929299939337
33000 23.407375082584146
34000 23.3807223627305
35000 23.406579221627045
36000 23.432816113945336
37000 23.441201394921848
38000 23.4278720632125
39000 23.371969175048783
40000 23.35037566752682
41000 23.376444344667394
42000 23.386887185039523
43000 23.40421636139505
44000 23.390711327261645
45000 23.374901763904212
46000 23.434715457117072
47000 23.3948133270758
48000 23.45423662760161
49000 23.445054903524458
50000 23.453092859544476
51000 23.430473568947747
52000 23.377501610649613
53000 23.359946068006717
54000 23.415955291560365
55000 23.448169667757
56000 23.41228970442864
57000 23.37193003475059
58000 23.374883794044543
59000 23.359635774022948
60000 23.373570584213013
61000 23.348639945047317
62000 23.382651089468627
63000 23.369660190471187
64000 23.38836458675457
65000 23.380678414776067
66000 23.368768014267182
67000 23.431394070510237
68000 23.370433006009343
69000 23.410248047576935
70000 23.38998527440878
71000 23.45088823037974
72000 23.386733963349283
73000 23.432689602449667
74000 23.37881322265628
75000 23.38512675944376
76000 23.43405175367928
77000 23.429937615039204
78000 23.36590892055607
79000 23.382525121975636
80000 23.37928788279121
81000 23.37090341515646
82000 23.378492212738017
83000 23.400400604668587
84000 23.398240828604603
85000 23.36782387411708
86000 23.381206004837097
87000 23.408400432616396
88000 23.368671681413108
89000 23.375665640295768
90000 23.342041811446446
91000 23.424601722227493
92000 23.378647125805177
93000 23.36635585939955
94000 23.423851968170265
95000 23.379300826932397
96000 23.366167227018213
97000 23.385765296204443
98000 23.376385580413057
99000 23.359781335008226
100000 23.450892587284173
101000 23.352721076773392
102000 23.39027607290602
103000 23.336107261964667
104000 23.331064154470237
105000 23.382286412911988
106000 23.396214283745465
107000 23.35034700635211
108000 23.38575861037087
109000 23.412968091663686
110000 23.40957852833193
111000 23.385603817107295
112000 23.423521947694415
113000 23.454333697328106
114000 23.43499185208766
115000 23.365842448581486
116000 23.404789997479718
117000 23.38219217066892
118000 23.38647499511357
119000 23.419288839046963
120000 23.45041890713722
121000 23.37117773525174
122000 23.398949535589853
123000 23.387957287792116
124000 23.38756569383172
125000 23.418082674392025
126000 23.378643317559323
127000 23.376699719577495
128000 23.385977970837708
129000 23.481562221594853
130000 23.390901428298886
131000 23.390481022616235
132000 23.41115568435957
133000 23.429272100537172
134000 23.415719155494298
135000 23.378474408601722
136000 23.399428426902638
137000 23.35788789124471
138000 23.36089564314134
139000 23.40737474687442
140000 23.39306089681288
141000 23.386779497465536
142000 23.4007491260157
143000 23.360674700167603
144000 23.390273108120926
145000 23.357065160250936
146000 23.360136744127566
147000 23.38175953846838
148000 23.438396845432255
149000 23.39936606585807
150000 23.402704968696117
151000 23.389171764820144
152000 23.44302068636455
153000 23.43069994965705
154000 23.424089587833855
155000 23.409025684861568
156000 23.34989795165883
157000 23.42715108878814
158000 23.362466599909343
159000 23.43982326055825
160000 23.431454779300644
161000 23.466152057171286
162000 23.435314609597004
163000 23.41103607425116
164000 23.40836835087529
165000 23.38761389014178
166000 23.42515001969981
167000 23.433366301314585
168000 23.47298834992884
169000 23.413003499201782
170000 23.381552183921812
171000 23.38285480101926
172000 23.449348401744984
173000 23.41178891570594
174000 23.433085907830648
175000 23.358542781629303
176000 23.388289159112507
177000 23.439022958444706
178000 23.44181614373405
179000 23.44203985950078
180000 23.40296409844208
181000 23.389883305251665
182000 23.414596742818798
183000 23.41353651595102
184000 23.425910093345074
185000 23.37332045382031
186000 23.446972168905667
187000 23.420523298210497
188000 23.390545553005413
189000 23.396213077099944
190000 23.436464881127716
191000 23.442265342221436
192000 23.4474212478134
193000 23.43059551914497
194000 23.438373539611455
195000 23.396293238428946
196000 23.394741714869554
197000 23.38466498800317
198000 23.42900240146953
199000 23.40179842694988
200000 23.372377860396135
201000 23.38232874168313
202000 23.39000876692932
203000 23.418364337007603
204000 23.374646787091997
205000 23.42750936391722
206000 23.417908628060246
207000 23.37469992174531
208000 23.44681107617368
209000 23.448808561601243
210000 23.39806933248656
211000 23.426799482195584
212000 23.40746178284733
213000 23.39248468921795
214000 23.438103725947926
215000 23.44196431049253
216000 23.422660376156376
217000 23.461730174448462
218000 23.42154933228796
219000 23.406822891103772
220000 23.4106939992992
221000 23.395522307749008
222000 23.460943396302046
223000 23.41382130400623
224000 23.420188268111474
225000 23.42737862271863
226000 23.387204569924265
227000 23.43532130379711
228000 23.408119165862846
229000 23.438750971206858
230000 23.43805919180845
231000 23.433918524432602
232000 23.44534788094663
233000 23.4343182133773
234000 23.414233446418084
235000 23.39996098658954
236000 23.386605699943583
237000 23.430373495249004
238000 23.414926486320013
239000 23.406055212066306
240000 23.32870272386238
241000 23.46985610284824
242000 23.40626779303841
243000 23.429113050427855
244000 23.448737538720266
245000 23.399806907568976
246000 23.390120890793273
247000 23.383283805851693
248000 23.386731347129928
249000 23.41800436125225
250000 23.404333876195693
251000 23.41245584474872
252000 23.35127917350487
253000 23.379210637914667
254000 23.380914814323017
255000 23.404064418872764
256000 23.37099162893343
257000 23.449066296268995
258000 23.393459252216363
259000 23.367294555521482
260000 23.441658381126143
261000 23.41530727530651
262000 23.40806208771155
263000 23.386047390670573
264000 23.42378427673319
265000 23.401022890070095
266000 23.353248559919923
267000 23.44305496144654
268000 23.394215273971966
269000 23.43739253008266
270000 23.393533759947633
271000 23.40497967913018
272000 23.406433708157753
273000 23.36823096521296
274000 23.429161547430663
275000 23.394703063560772
276000 23.38844049642443
277000 23.38871958890907
278000 23.356186747112563
279000 23.392117595035298
280000 23.39136463405366
281000 23.426466656887563
282000 23.398034057340183
283000 23.40639725068101
284000 23.393808713776824
285000 23.37802656619716
286000 23.379689053271782
287000 23.387246274074577
288000 23.383036730334872
289000 23.368929646315305
290000 23.39453956647626
291000 23.404815802041902
292000 23.393617469036215
293000 23.377153470718685
294000 23.404447483494614
295000 23.430313898860238
296000 23.428415399523278
297000 23.447398383804956
298000 23.406909561692956
299000 23.403426953872987
300000 23.412280190059615
301000 23.42267663969346
302000 23.408817536784316
303000 23.384813203266173
304000 23.414105684074723
305000 23.413921522777954
306000 23.447170450910605
307000 23.374025993553467
308000 23.424007076641733
309000 23.432877460135252
310000 23.393911242731484
311000 23.38871210259655
312000 23.42527454722585
313000 23.45743999476004
314000 23.366567189085558
315000 23.40795231781378
316000 23.396655630554644
317000 23.423330749785883
318000 23.363796792195615
319000 23.414302213693755
320000 23.386898003468723
321000 23.440567515234317
322000 23.389339709440762
323000 23.399940051543503
324000 23.386217695163552
325000 23.40139900527663
326000 23.43843094248184
327000 23.381007538911206
328000 23.369400796323045
329000 23.380751833192093
330000 23.372953316963535
331000 23.358778721791488
332000 23.39143470856809
333000 23.39542857437295
334000 23.37955696628262
335000 23.397609290362336
336000 23.36311732103687
337000 23.378793314928355
338000 23.41993787664336
339000 23.397795392279868
340000 23.425273483255374
341000 23.40313072940273
342000 23.399496651018985
343000 23.363023297495314
344000 23.439119700256455
345000 23.39953702697315
346000 23.347649270683693
347000 23.392827582869664
348000 23.362392119467934
349000 23.387270027299188
350000 23.416955816000648
351000 23.41221255985508
352000 23.421869075943476
353000 23.379822197719825
354000 23.361650853368726
355000 23.417703229084534
356000 23.43719008142127
357000 23.413210224318522
358000 23.42473293923681
359000 23.424900766757478
360000 23.44258571555124
361000 23.436103443658507
362000 23.41790045997397
363000 23.411076747755025
364000 23.403102951577146
365000 23.463616649827838
366000 23.379877632015507
367000 23.391906773991558
368000 23.41990848680755
369000 23.364953194489956
370000 23.368149959643834
371000 23.391263141755385
372000 23.436792145027827
373000 23.393082223044644
374000 23.384918156420422
375000 23.463391834452263
376000 23.423160639718322
377000 23.376756372744435
378000 23.39636860011545
379000 23.423338063847503
380000 23.403341233048483
381000 23.392618988357704
382000 23.412697907114566
383000 23.42166495533954
384000 23.41156138767792
385000 23.424392153163843
386000 23.45341523847136
387000 23.444467559610885
388000 23.428349095793422
389000 23.454789347640027
390000 23.421127669790845
391000 23.385849941742674
392000 23.419952102108265
393000 23.38213816916511
394000 23.349366178113463
395000 23.364663567632185
396000 23.39568366035999
397000 23.3917298215079
398000 23.444969269908043
399000 23.435544172279954
400000 23.407155808344978
401000 23.382263403319932
402000 23.40262210712529
403000 23.37405858287327
404000 23.418168768541126
405000 23.38079038416716
406000 23.40850511042427
407000 23.451789198944642
408000 23.43362090929563
409000 23.36913949870545
410000 23.404402805963922
411000 23.395763754077567
412000 23.409440323177705
413000 23.386986713873398
414000 23.434263373702283
415000 23.418306375051014
416000 23.428631155632047
417000 23.415380972145982
418000 23.416219537645347
419000 23.42319411226548
420000 23.39251129015214
421000 23.41599293913154
422000 23.430570138512714
423000 23.443389818730186
424000 23.421195408433864
425000 23.389548828154787
426000 23.406067885524124
427000 23.439683804492844
428000 23.409947577007294
429000 23.418948743296575
430000 23.412957766872236
431000 23.374944052310592
432000 23.390614318539395
433000 23.406253357886342
434000 23.36689896492488
435000 23.383561647983473
436000 23.391910410846414
437000 23.390643639611298
438000 23.441088982922462
439000 23.446467026379775
440000 23.38467178732297
441000 23.36537558260118
442000 23.41380498790037
443000 23.34625982927897
444000 23.380145066411103
445000 23.420186622569144
446000 23.401193693299167
447000 23.457260177084798
448000 23.387238659782234
449000 23.36461311878859
450000 23.419751714815153
451000 23.39763345124216
452000 23.447998740718546
453000 23.37610321799289
454000 23.387186018878516
455000 23.384938701672212
456000 23.37005393205755
457000 23.39284905784364
458000 23.408600820350653
459000 23.412878564969112
460000 23.42030574398967
461000 23.445116453546177
462000 23.396018163271446
463000 23.421770412473176
464000 23.413740945603394
465000 23.42351893464861
466000 23.4305838502423
467000 23.419769344720024
468000 23.410483981943663
469000 23.357871562504748
470000 23.43109803115171
471000 23.441594106581576
472000 23.430540245032685
473000 23.4261190164287
474000 23.377946051853126
475000 23.444296434183315
476000 23.457787150047874
477000 23.439708727514166
478000 23.402628635293063
479000 23.397002962368894
480000 23.439525435880633
481000 23.408880754732415
482000 23.386292880412903
483000 23.39152640135704
484000 23.414731106211924
485000 23.420597367865568
486000 23.459379327720782
487000 23.369995689795235
488000 23.406230309463513
489000 23.40342229286796
490000 23.40441760305243
491000 23.4520634062644
492000 23.462067919512076
493000 23.44404428709847
494000 23.398182822851705
495000 23.381455448527262
496000 23.39854977401999
497000 23.406711529146307
498000 23.416203948445037
499000 23.400184890040627
500000 23.4257146771219
501000 23.446128763022497
502000 23.3617530704885
503000 23.457369061604613
504000 23.370912131047444
505000 23.419447473084894
506000 23.42321059291222
507000 23.403085581546495
508000 23.41032608617177
509000 23.443710085808547
510000 23.398962988846407
511000 23.455870623706986
512000 23.395622979982328
513000 23.457560464375977
514000 23.42009192308848
515000 23.41845890786666
516000 23.436556605871
517000 23.438065336841337
518000 23.43564368747457
519000 23.412240168977974
520000 23.40695779192059
521000 23.416152143389997
522000 23.44988420540734
523000 23.43339752754121
524000 23.391360725179357
525000 23.432820224056375
526000 23.365829516022853
527000 23.385927191190305
528000 23.380032256498502
529000 23.37953197469796
530000 23.430280781285212
531000 23.383124690818786
532000 23.387152564273862
533000 23.403768740145086
534000 23.411744659677314
535000 23.408178911733376
536000 23.402887005275684
537000 23.38828560664469
538000 23.443249344831344
539000 23.39788404461379
540000 23.37514726987178
541000 23.372445315418872
542000 23.34400867643837
543000 23.368984576826517
544000 23.41150854210174
545000 23.346023579631982
546000 23.402080360816253
547000 23.434821790996104
548000 23.41787367925243
549000 23.382173577011603
550000 23.445215976020016
551000 23.385859284934764
552000 23.382525636318416
553000 23.387993141103777
554000 23.397197514771655
555000 23.386956390375627
556000 23.382793626104743
557000 23.401773511051456
558000 23.35370430182827
559000 23.45982494864314
560000 23.42557040864742
561000 23.42603202672963
562000 23.42227791188755
563000 23.438805561664644
564000 23.393611975703102
565000 23.43535499241308
566000 23.38737040869933
567000 23.377106977332865
568000 23.417415128655882
569000 23.366726543942388
570000 23.412377752730293
571000 23.37951622426821
572000 23.465351197753414
573000 23.391629216813143
574000 23.45658732709938
575000 23.389886439776678
576000 23.44186355855109
577000 23.354007967472707
578000 23.449974399945702
579000 23.38822896768343
580000 23.373914391929482
581000 23.411431759631466
582000 23.407932839204033
583000 23.392904244590454
584000 23.388900081946975
585000 23.372515898984698
586000 23.377328760777658
587000 23.389787903403466
588000 23.38181804016862
589000 23.439841785141503
590000 23.365454829645262
591000 23.438414438828083
592000 23.425746898623736
593000 23.397545865411466
594000 23.397430136717613
595000 23.39999220725265
596000 23.38690878162724
597000 23.389659794577025
598000 23.417564829309967
599000 23.40914204920885
600000 23.399333680153173
601000 23.39548003664958
602000 23.3423505135892
603000 23.364689524090384
604000 23.363229748386964
605000 23.3779281448999
606000 23.364318460501114
607000 23.395718841953673
608000 23.405757913447015
609000 23.398019685365657
610000 23.356452670501998
611000 23.3866053909155
612000 23.379960894468862
613000 23.35686459742112
614000 23.37711090904109
615000 23.337595100154218
616000 23.357608581771238
617000 23.393880655625228
618000 23.395180249370007
619000 23.377275493095254
620000 23.364830392095236
621000 23.42821905271037
622000 23.361878121653536
623000 23.373384651122432
624000 23.38553643872905
625000 23.396789076331817
626000 23.42550395986564
627000 23.39894850851607
628000 23.37593045838749
629000 23.3670313733562
630000 23.38093853885726
631000 23.40047899126667
632000 23.412961375023812
633000 23.43101269043578
634000 23.370002407056003
635000 23.397769237116023
636000 23.374024520871583
637000 23.365736237607646
638000 23.38519636718137
639000 23.376148481016237
640000 23.350957809630366
641000 23.436155906206213
642000 23.387156033371095
643000 23.376112120457712
644000 23.400016759918188
645000 23.38226823716641
646000 23.45433160650517
647000 23.40629504627669
648000 23.421055335596726
649000 23.402224780788224
650000 23.37820943488201
651000 23.401409620212696
652000 23.40795143918055
653000 23.42983479003833
654000 23.426323729440178
655000 23.40709457522654
656000 23.41999523432962
657000 23.395414528048462
658000 23.40402668401303
659000 23.412788025043884
660000 23.360551869378046
661000 23.416658672216677
662000 23.384732358988394
663000 23.3839192320087
664000 23.379388370172013
665000 23.419073331364793
666000 23.42627219727629
667000 23.40154395775072
668000 23.440907568229406
669000 23.402277555977644
670000 23.43411428550443
671000 23.37167081019458
672000 23.38990149679275
673000 23.40810400015432
674000 23.41624245586138
675000 23.413245099912597
676000 23.37311437062516
677000 23.394446902933836
678000 23.34823670251194
679000 23.37825978849826
680000 23.44588050771992
681000 23.3713260081054
682000 23.412674345556034
683000 23.363449500421343
684000 23.365399660285515
685000 23.40914657369556
686000 23.398866504009288
687000 23.4136213396141
688000 23.382751293052113
689000 23.40343325719432
690000 23.410895406157454
691000 23.354535976937374
692000 23.431733919772032
693000 23.382139396274745
694000 23.37602811720198
695000 23.370046301321732
696000 23.368842143509784
697000 23.363906244713128
698000 23.359778250337655
699000 23.398659993126625
700000 23.369448065616773
701000 23.4006034307299
702000 23.366688240871163
703000 23.39164873651705
704000 23.366575714767883
705000 23.38783017282313
706000 23.439030160452734
707000 23.39149518031955
708000 23.446506677632144
709000 23.37442021940377
710000 23.384859402876405
711000 23.380397177899685
712000 23.40445215002301
713000 23.40909439449687
714000 23.40880998563947
715000 23.429540369580135
716000 23.417521362532455
717000 23.438533677495215
718000 23.4204718397866
719000 23.369403268662833
720000 23.355826573963185
721000 23.408535953270945
722000 23.434013227689874
723000 23.37292544659788
724000 23.402707232713016
725000 23.46111975239639
726000 23.43668854503046
727000 23.408773285569836
728000 23.406348560242158
729000 23.39444054058667
730000 23.474894679329395
731000 23.45052499861224
732000 23.410971640969905
733000 23.3259603168565
734000 23.469025932338806
735000 23.426180428178984
736000 23.46748302330546
737000 23.430915384169552
738000 23.38818862335721
739000 23.413089050290445
740000 23.38855985250936
741000 23.398416474703048
742000 23.411543846294506
743000 23.380796306095878
744000 23.399157357881986
745000 23.446442986463833
746000 23.384786562285697
747000 23.453361422599066
748000 23.448050255382405
749000 23.431335620879807
750000 23.404768832303844
751000 23.409369760964935
752000 23.37497851738713
753000 23.40947858126823
754000 23.34571475444933
755000 23.391901582511263
756000 23.404619598534488
757000 23.390827342759863
758000 23.41721612714942
759000 23.401363561814733
760000 23.434345998770276
761000 23.38154264131002
762000 23.377906926361785
763000 23.411245734984675
764000 23.364900508873248
765000 23.347413756037263
766000 23.41305698043849
767000 23.418856049630744
768000 23.40525280972999
769000 23.421164505393456
770000 23.410046251408126
771000 23.349616919674066
772000 23.40597037045024
773000 23.421656778650238
774000 23.412627237939677
775000 23.383232893215002
776000 23.361629803635257
777000 23.415498458712356
778000 23.40480658636702
779000 23.38008367130447
780000 23.43512348644333
781000 23.440238158143067
782000 23.417174793400942
783000 23.403067951566722
784000 23.37904083899292
785000 23.42830526335487
786000 23.41060014822414
787000 23.370868642641323
788000 23.406200190558874
789000 23.44782817065925
790000 23.410545614221686
791000 23.396836049737225
792000 23.41118386178712
793000 23.374035465187383
794000 23.426765538750494
795000 23.41898098461189
796000 23.399138567779993
797000 23.404304091840476
798000 23.40943095905201
799000 23.416629351755017
800000 23.441982794524172
801000 23.41584478277736
802000 23.46286110857091
803000 23.416105092620338
804000 23.436293145505676
805000 23.408665207024345
806000 23.401193704531064
807000 23.426937127033366
808000 23.40830907918827
809000 23.389919949751736
810000 23.44197879008803
811000 23.42792616788423
812000 23.43394137955393
813000 23.411889013823487
814000 23.414248635510592
815000 23.450217531919208
816000 23.426889068831507
817000 23.357370641509068
818000 23.41310662236526
819000 23.398916491783698
820000 23.387136720254396
821000 23.386869849885777
822000 23.406026179808467
823000 23.42780117310044
824000 23.42904241754873
825000 23.38522259451455
826000 23.40316268846769
827000 23.409175778231422
828000 23.39088867450551
829000 23.43389172908996
830000 23.38309479842459
831000 23.41641344459831
832000 23.36626680209339
833000 23.401779268200947
834000 23.382254351838633
835000 23.449756021327815
836000 23.42120922014622
837000 23.37219818104076
838000 23.402317369580395
839000 23.34729514346251
840000 23.43327836101664
841000 23.43817125065174
842000 23.357382963039584
843000 23.39043210261592
844000 23.395120642365708
845000 23.40558166428182
846000 23.368451578660927
847000 23.38298221088162
848000 23.423467577775785
849000 23.384288028683518
850000 23.456284947107036
851000 23.362901946054397
852000 23.417747840186315
853000 23.416818543817115
854000 23.41028357918347
855000 23.42492200429846
856000 23.373435453549252
857000 23.412546337532113
858000 23.377778444519222
859000 23.41410091862838
860000 23.458435677459487
861000 23.39280085701425
862000 23.42009128701888
863000 23.39948394688054
864000 23.438028157343137
865000 23.438958405720644
866000 23.384313107926417
867000 23.42518809899512
868000 23.38242499594831
869000 23.38730198041911
870000 23.368803834547244
871000 23.366151812282535
872000 23.436368666784844
873000 23.40410543866559
874000 23.430500509147834
875000 23.406318674948718
876000 23.44442453914644
877000 23.394107355848917
878000 23.386933493427996
879000 23.414800564215316
880000 23.439824254116
881000 23.422913948282954
882000 23.44509097042299
883000 23.397202503761324
884000 23.36503591217
885000 23.40304666168262
886000 23.418778702547915
887000 23.425287813168534
888000 23.42239183088899
889000 23.454147599795963
890000 23.39173243637902
891000 23.366647727317424
892000 23.388617823595723
893000 23.424801228947782
894000 23.365770836437353
895000 23.418878408063932
896000 23.412802325680342
897000 23.369564932030528
898000 23.402785447020573
899000 23.372079361228803
900000 23.40016866511885
901000 23.356542875089445
902000 23.37391351572704
903000 23.405270473295726
904000 23.430266641286142
905000 23.43420718398961
906000 23.40383168820983
907000 23.36524360495305
908000 23.398431581058222
909000 23.38810054466023
910000 23.3773810287646
911000 23.439301128158622
912000 23.388251957640076
913000 23.40937465473909
914000 23.41691382854557
915000 23.426477802192053
916000 23.45216720944202
917000 23.43289756019221
918000 23.381986317064662
919000 23.406024731339652
920000 23.37802169238133
921000 23.432071708358404
922000 23.436802057366016
923000 23.355202310043722
924000 23.413567323281356
925000 23.43175260592902
926000 23.38650409314053
927000 23.37881809884748
928000 23.428372403097082
929000 23.407694570019355
930000 23.357294220511676
931000 23.41487242613487
932000 23.39938414288794
933000 23.362562003587247
934000 23.433948732011647
935000 23.419819664257783
936000 23.402624710321714
937000 23.384920313057968
938000 23.41983604358373
939000 23.394875832739228
940000 23.420651125603666
941000 23.415228933151816
942000 23.380468400782718
943000 23.39589022665133
944000 23.38369880336933
945000 23.40115928347058
946000 23.382783052992526
947000 23.42498023760064
948000 23.408905046447572
949000 23.409674994659095
950000 23.37357031768549
951000 23.358587561049877
952000 23.379006566161856
953000 23.39486595346817
954000 23.380205796507916
955000 23.43640697480027
956000 23.369154252024956
957000 23.37551016832788
958000 23.366558133212497
959000 23.351852706259045
960000 23.419729083457447
961000 23.37422368144673
962000 23.373303294346155
963000 23.41176324051721
964000 23.355509666012356
965000 23.344063708962086
966000 23.32676302849343
967000 23.37199304391024
968000 23.37678076685755
969000 23.396564287535735
970000 23.342399239451623
971000 23.421522976018824
972000 23.3940974813983
973000 23.357309801311494
974000 23.36463715370171
975000 23.360419903747548
976000 23.35969566572947
977000 23.328002856260632
978000 23.359819937524318
979000 23.413616656259574
980000 23.43772541300739
981000 23.3894347899695
982000 23.357850994118838
983000 23.36675704063746
984000 23.408812377363137
985000 23.408488008865504
986000 23.34938260415038
987000 23.406280093438802
988000 23.36131540925889
989000 23.434881101042222
990000 23.348473575214943
991000 23.38778984080104
992000 23.364147396817362
993000 23.402429242707832
994000 23.359976392391612
995000 23.428034749596357
996000 23.402321513336574
997000 23.371860128867002
998000 23.394591147033463
999000 23.413296884677624
1000000 23.3785280781371
