0 23.695391426524345
1000 23.705270464599064
2000 23.69231407162315
3000 23.693824969621904
4000 23.66636071795334
5000 23.633648227901173
6000 23.73004417177123
7000 23.704409123959532
8000 23.69116847499419
9000 23.706968723093333
10000 23.664401502265086
11000 23.726965246446902
12000 23.643990675601856
13000 23.67086150609129
14000 23.6950926341703
15000 23.690051701593053
16000 23.640123873750547
17000 23.679713153122712
18000 23.63797751018359
19000 23.678434084123957
20000 23.686848056111955
21000 23.71594320571263
22000 23.647461375667557
23000 23.62054714752501
24000 23.72678815469875
25000 23.71392656996983
26000 23.675652293540733
27000 23.668043328400856
28000 23.645327110528033
29000 23.69143259670741
30000 23.65868850945985
31000 23.67851557722971
32000 23.671733516365638
33000 23.701756189946813
34000 23.674327573477054
35000 23.686719311435393
36000 23.72413998052234
37000 23.68232006779586
38000 23.66353113933253
39000 23.70439034070835
40000 23.6741830455579
41000 23.6763615459159
42000 23.71303422296928
43000 23.691967398131144
44000 23.69315972298375
45000 23.633439616009166
46000 23.659544347237144
47000 23.653669536406674
48000 23.67240464355623
49000 23.678201691795607
50000 23.673257463777986
51000 23.641183214715692
52000 23.64910762733405
53000 23.669404608578294
54000 23.64593586930209
55000 23.70602767003577
56000 23.70928989203559
57000 23.639685179300287
58000 23.728150828889998
59000 23.66634890194725
60000 23.66113014525784
61000 23.718606848259448
62000 23.704191158437418
63000 23.712457966992943
64000 23.703338397625604
65000 23.681438800863152
66000 23.69230490987568
67000 23.760141228267095
68000 23.70588585953132
69000 23.686261601048862
70000 23.72420954154383
71000 23.688877890815817
72000 23.70491762876165
73000 23.709204808264804
74000 23.701177087697495
75000 23.65957500096269
76000 23.68716698429316
77000 23.66287157740712
78000 23.726531352342743
79000 23.69213411640909
80000 23.694586646361113
81000 23.682911993730652
82000 23.74119281352574
83000 23.71725743605557
84000 23.648325131883936
85000 23.65564335621916
86000 23.70852620363565
87000 23.748401510742294
88000 23.7298510692508
89000 23.674361202508543
90000 23.716096883114528
91000 23.726902264888416
92000 23.674682791230115
93000 23.702005207442784
94000 23.690790633589387
95000 23.6788160241175
96000 23.64620151152886
97000 23.63352249682009
98000 23.673009751402812
99000 23.700461155730917
100000 23.667058375173443
101000 23.638650545885582
102000 23.72560490095593
103000 23.69869898154802
104000 23.709486169868388
105000 23.693880281818377
106000 23.65884802704176
107000 23.659986307748763
108000 23.652979239270493
109000 23.65604387876294
110000 23.663880890055076
111000 23.700645218519995
112000 23.689238569339704
113000 23.71516233532996
114000 23.663524618548166
115000 23.664834446866706
116000 23.710414719713302
117000 23.679484556335563
118000 23.64585638767126
119000 23.679309086679094
120000 23.675297862428113
121000 23.646947817320697
122000 23.66295111523389
123000 23.71365918232525
124000 23.682957009485534
125000 23.7122529362398
126000 23.619233364863714
127000 23.6532993342434
128000 23.65648932730307
129000 23.640087848848662
130000 23.67040554663972
131000 23.689112224933396
132000 23.613919817717377
133000 23.681173346772134
134000 23.696143484498418
135000 23.6505682719204
136000 23.64589568049498
137000 23.620261246268594
138000 23.666896808551286
139000 23.68754099974555
140000 23.73191182660456
141000 23.700893689471403
142000 23.712236515208367
143000 23.685874838264578
144000 23.723805833151825
145000 23.691718771404
146000 23.67522293155295
147000 23.667351729343363
148000 23.66072764301826
149000 23.668648533183553
150000 23.66636172797263
151000 23.709449547655137
152000 23.65288026465301
153000 23.69605893666105
154000 23.642810548864528
155000 23.690781745071828
156000 23.649555976351525
157000 23.646945967873705
158000 23.607611496803084
159000 23.700205257654957
160000 23.703827245593885
161000 23.71056280658953
162000 23.669471125728915
163000 23.635137237237615
164000 23.674707006595263
165000 23.684132421734354
166000 23.73174318000432
167000 23.6900725324503
168000 23.66711974162718
169000 23.658374452881866
170000 23.670825189367253
171000 23.69257192805228
172000 23.756113857435693
173000 23.71725365075194
174000 23.63097102356137
175000 23.627545900671084
176000 23.727921280858993
177000 23.700635885156338
178000 23.66844145252698
179000 23.673984688072082
180000 23.67789885867473
181000 23.704541876172282
182000 23.64671964236998
183000 23.613421188849912
184000 23.656592351334062
185000 23.642560136547438
186000 23.72437312053442
187000 23.669112766152402
188000 23.67625542387765
189000 23.682385429915342
190000 23.72962760696646
191000 23.681190772928467
192000 23.66628461803209
193000 23.615748384123673
194000 23.71869912099944
195000 23.714344420855834
196000 23.66254113410389
197000 23.67388725769272
198000 23.69826069647517
199000 23.679709156894123
200000 23.70635367023613
201000 23.675257370538816
202000 23.671738205512266
203000 23.681634380190918
204000 23.74852166585796
205000 23.71375511504541
206000 23.725801124345445
207000 23.69441251583964
208000 23.760717457340657
209000 23.7468174161415
210000 23.693298453828653
211000 23.77701977730387
212000 23.718674127753687
213000 23.69182260939774
214000 23.687652502888692
215000 23.703223328402817
216000 23.72138414037902
217000 23.714010338522115
218000 23.686260626320074
219000 23.68970133701245
220000 23.62563839524155
221000 23.66868683607662
222000 23.68739315341059
223000 23.66613166334612
224000 23.68453851889697
225000 23.667287866029636
226000 23.70453540621832
227000 23.759329143621464
228000 23.634413460064764
229000 23.680996849996546
230000 23.643607992659323
231000 23.690485522522838
232000 23.735960174923136
233000 23.7013356827386
234000 23.657614658121737
235000 23.650199788164766
236000 23.67504043369526
237000 23.70374476041014
238000 23.669684969937357
239000 23.72816363660952
240000 23.700157564220728
241000 23.712847319287654
242000 23.703487308721634
243000 23.745158924492735
244000 23.732290816486938
245000 23.715072616027577
246000 23.7119370700813
247000 23.660139686695366
248000 23.689534483561648
249000 23.685282803682803
250000 23.67703034688061
251000 23.726644775535256
252000 23.715315998497687
253000 23.709222323757796
254000 23.732312727047916
255000 23.739506632755802
256000 23.70688165354076
257000 23.758219865567696
258000 23.650090059981366
259000 23.601915143714788
260000 23.687240885616553
261000 23.72019347581493
262000 23.673090362074973
263000 23.726184599197296
264000 23.716402378983233
265000 23.68805591957328
266000 23.655723730387592
267000 23.76097657237683
268000 23.71631385135161
269000 23.648585091688854
270000 23.67607252530392
271000 23.67676954102536
272000 23.728074393514127
273000 23.740360690015926
274000 23.69701580238158
275000 23.654923319785365
276000 23.655077044724763
277000 23.69911366418653
278000 23.68166391795031
279000 23.687226963620798
280000 23.653510090545456
281000 23.713192046612313
282000 23.640933010766883
283000 23.68556659530315
284000 23.66032502953566
285000 23.69816650679032
286000 23.739455060182785
287000 23.70963989465026
288000 23.695024653124555
289000 23.67159817391618
290000 23.68231067733654
291000 23.702818723016904
292000 23.670360409806175
293000 23.616722436851045
294000 23.6687417965533
295000 23.695832254424246
296000 23.6610691831047
297000 23.69791871267562
298000 23.719857535885332
299000 23.68970465756836
300000 23.743382342643542
301000 23.667520749158392
302000 23.662935167803393
303000 23.63888567112571
304000 23.616677425416885
305000 23.691262480909383
306000 23.69731287545783
307000 23.65424137161295
308000 23.702243559400884
309000 23.687453562293115
310000 23.69006618754636
311000 23.67709421748296
312000 23.71504102050509
313000 23.737807443043803
314000 23.714986414280006
315000 23.652779671556015
316000 23.68207565132657
317000 23.665700452813773
318000 23.679268878026015
319000 23.65021887924869
320000 23.676273506158612
321000 23.663502098220828
322000 23.6009270732854
323000 23.73397133969811
324000 23.67085623222633
325000 23.709203302778644
326000 23.68455154666378
327000 23.63064212086983
328000 23.73293312276787
329000 23.663240958246707
330000 23.662726547717625
331000 23.697792005266486
332000 23.645179430794457
333000 23.691912635651317
334000 23.69575616911367
335000 23.635414948111237
336000 23.687010080600263
337000 23.699644869370093
338000 23.70429546470198
339000 23.657222822117383
340000 23.703050581735777
341000 23.719348912341395
342000 23.697320328141387
343000 23.70271210981702
344000 23.69395035439121
345000 23.693869601260182
346000 23.697242498891136
347000 23.696077473868474
348000 23.673309627400172
349000 23.725039678802386
350000 23.671069286417566
351000 23.722658494458713
352000 23.719259982074412
353000 23.756047801472153
354000 23.713163887978943
355000 23.688501021163294
356000 23.703935098011833
357000 23.681003124207017
358000 23.65642005106306
359000 23.671676743600912
360000 23.64234798145137
361000 23.704379685465906
362000 23.679256006247865
363000 23.705988743137972
364000 23.688244239802806
365000 23.73034902744778
366000 23.663771816529337
367000 23.696453047590246
368000 23.70819434994672
369000 23.66325430707795
370000 23.67632348735269
371000 23.654799355789685
372000 23.6516170474687
373000 23.664230445193127
374000 23.68100454901118
375000 23.671758891092576
376000 23.670463757287372
377000 23.679845562052066
378000 23.696638748033084
379000 23.67979322334192
380000 23.637932591335616
381000 23.675514044205666
382000 23.724800157537363
383000 23.65929697084498
384000 23.70952709006458
385000 23.6808245155206
386000 23.691859559543566
387000 23.657755715520587
388000 23.720311310895728
389000 23.726195262093828
390000 23.702187013070358
391000 23.685933321856233
392000 23.688664347361744
393000 23.66169544500271
394000 23.711106693762286
395000 23.6741281039448
396000 23.68614705896643
397000 23.738762949880222
398000 23.664491735930735
399000 23.659065430606205
400000 23.643053846458585
401000 23.756101042719976
402000 23.707120362132557
403000 23.71609061368398
404000 23.7091853446058
405000 23.75462232002052
406000 23.706315190738465
407000 23.672792482870296
408000 23.681665413801383
409000 23.660685081060176
410000 23.662701592787286
411000 23.728032098338147
412000 23.714824864435634
413000 23.711988785800457
414000 23.732585003354988
415000 23.69947748466355
416000 23.768210289056572
417000 23.691284202960325
418000 23.726988113716647
419000 23.718950405202747
420000 23.728598450487237
421000 23.75140283498835
422000 23.68083579170879
423000 23.69539860236875
424000 23.671439373017144
425000 23.684303202066634
426000 23.743421762277354
427000 23.75998103349334
428000 23.690479342133
429000 23.68106285037108
430000 23.707630081540845
431000 23.68282319135359
432000 23.709053799655557
433000 23.67535957751473
434000 23.703960884814673
435000 23.70830629468089
436000 23.756946722104665
437000 23.68496338609139
438000 23.717093695511274
439000 23.694548906484318
440000 23.716540154824585
441000 23.71828625444187
442000 23.682847499086858
443000 23.683590645325435
444000 23.68453870334418
445000 23.79416667576231
446000 23.716846363479178
447000 23.69247723151967
448000 23.711368248195114
449000 23.696817417778497
450000 23.702866978558788
451000 23.678136466311962
452000 23.76390082151747
453000 23.69156950316746
454000 23.69744547593768
455000 23.66272467908266
456000 23.664516987899404
457000 23.69422878168549
458000 23.64560809528357
459000 23.698453425561976
460000 23.73720127522159
461000 23.648117867347672
462000 23.718336416034653
463000 23.666674685490843
464000 23.634983256907528
465000 23.728777782227937
466000 23.700086575611397
467000 23.74530672833818
468000 23.745274590252027
469000 23.65159789060106
470000 23.698133397733
471000 23.752228406855895
472000 23.736311110889933
473000 23.726547203672165
474000 23.70774241349844
475000 23.677690890382397
476000 23.687752082833427
477000 23.694116199787157
478000 23.64970465398575
479000 23.688031963922715
480000 23.698177516720264
481000 23.705986823796014
482000 23.645629951451404
483000 23.69436521103962
484000 23.783015538696112
485000 23.715050311806724
486000 23.665789352272178
487000 23.68164198664677
488000 23.668445194768065
489000 23.710413869768914
490000 23.669371839741725
491000 23.68337101231831
492000 23.662340521337047
493000 23.71043601009442
494000 23.69740606558557
495000 23.670889577133032
496000 23.661368869913893
497000 23.713513172148183
498000 23.65208924350548
499000 23.744808682146584
500000 23.6977334771916
501000 23.663567350552544
502000 23.730902199990595
503000 23.681868316341447
504000 23.691052190103186
505000 23.66058758348152
506000 23.645016707370054
507000 23.676699075250536
508000 23.65711529989278
509000 23.673427499276432
510000 23.721058766616416
511000 23.63805599959717
512000 23.671771613050087
513000 23.628444560389873
514000 23.669919171902624
515000 23.68347782583756
516000 23.699690271393187
517000 23.740689429893877
518000 23.734889831601656
519000 23.700902650171546
520000 23.65192390438253
521000 23.681393777703335
522000 23.700248762785442
523000 23.683466114108437
524000 23.73894662789966
525000 23.7082989045926
526000 23.685216289898957
527000 23.670625887867118
528000 23.65042414090244
529000 23.717119227368467
530000 23.71132875952035
531000 23.667318085405014
532000 23.716490489384963
533000 23.687660927915864
534000 23.72303919807416
535000 23.690836653259414
536000 23.676214626869278
537000 23.621714677162764
538000 23.676160082240706
539000 23.727406325084623
540000 23.661757599226117
541000 23.634298966746364
542000 23.670598833139397
543000 23.71935976696881
544000 23.691659881583263
545000 23.70890861268513
546000 23.736951855312853
547000 23.73426732502842
548000 23.696916493780382
549000 23.711578476807713
550000 23.67664833072987
551000 23.706433637093557
552000 23.721142006070757
553000 23.714752847954564
554000 23.669062130421974
555000 23.67114887981999
556000 23.69247733065942
557000 23.688411006814622
558000 23.674554476483852
559000 23.75210443299592
560000 23.684164229388454
561000 23.714616534098084
562000 23.689090087512465
563000 23.68631888073515
564000 23.734884863897694
565000 23.70786550660155
566000 23.692576160932784
567000 23.709286835117187
568000 23.681164194943804
569000 23.66714199185775
570000 23.693723109693163
571000 23.672242700473152
572000 23.719713553301613
573000 23.720309847806668
574000 23.793079221960706
575000 23.706013017500293
576000 23.67633291792362
577000 23.74461251739093
578000 23.662551012583226
579000 23.69818149151833
580000 23.70770677130936
581000 23.632449222002073
582000 23.708513630248913
583000 23.74455474757822
584000 23.747600829538925
585000 23.709312135543815
586000 23.659232192365216
587000 23.666438162535044
588000 23.71331320551898
589000 23.69704392463824
590000 23.695269538566077
591000 23.727069620766006
592000 23.748428924989064
593000 23.639566758273112
594000 23.717723831734258
595000 23.626531621541595
596000 23.749058497763226
597000 23.614811708520023
598000 23.6685091499326
599000 23.7039832271304
600000 23.656161148412256
601000 23.677524449821494
602000 23.666602214875482
603000 23.664579402040058
604000 23.684762457591912
605000 23.6929991080065
606000 23.704837814055853
607000 23.65876946248951
608000 23.66887477720686
609000 23.698227736173767
610000 23.68055759736016
611000 23.6901627520483
612000 23.67018643905474
613000 23.720132724428485
614000 23.696087944577325
615000 23.658033160587312
616000 23.69627685729252
617000 23.673384264407403
618000 23.71495834805785
619000 23.68964892679811
620000 23.660636009761937
621000 23.64994994458172
622000 23.654780451149232
623000 23.63383772407832
624000 23.72708256551597
625000 23.698075929909173
626000 23.663699908311873
627000 23.645087658001295
628000 23.666316108769166
629000 23.662763772980092
630000 23.705674864402074
631000 23.636433633611
632000 23.706797220780263
633000 23.686004097133864
634000 23.658265249634248
635000 23.653791145267242
636000 23.706262425024722
637000 23.71952995493278
638000 23.721309606535627
639000 23.682008554840237
640000 23.730752545788835
641000 23.739643783317284
642000 23.729128957624685
643000 23.700876374530445
644000 23.68284797321655
645000 23.68998415787383
646000 23.667108652544805
647000 23.68600581554779
648000 23.659643396724366
649000 23.645140214619808
650000 23.689211963431738
651000 23.682243808616438
652000 23.63558638867727
653000 23.639014134189743
654000 23.626718655648062
655000 23.716558722583326
656000 23.697208946707907
657000 23.644661730708773
658000 23.672852394926103
659000 23.675775930057394
660000 23.674910161071452
661000 23.69784360649276
662000 23.713677550486075
663000 23.65277172329792
664000 23.64733632567317
665000 23.69416355860892
666000 23.68044555338478
667000 23.68227221182704
668000 23.733545632856448
669000 23.64311234202446
670000 23.674553343050007
671000 23.6869965531786
672000 23.704723777522286
673000 23.700126322880926
674000 23.723112720983664
675000 23.684418484245544
676000 23.689783654531187
677000 23.69076464115642
678000 23.653863674975252
679000 23.68299415284396
680000 23.683979173322495
681000 23.637151543876403
682000 23.659810575031035
683000 23.65006720263546
684000 23.684160787511967
685000 23.667851841276928
686000 23.68443260052872
687000 23.62567650732349
688000 23.638436035560225
689000 23.680947176595186
690000 23.64285139777115
691000 23.683119007799736
692000 23.64407856632689
693000 23.627654100816752
694000 23.66724244442108
695000 23.65278825167522
696000 23.712427854266497
697000 23.66344533232811
698000 23.721024185133118
699000 23.617320333381436
700000 23.663040678262217
701000 23.661432526559757
702000 23.669332046690712
703000 23.693482070020934
704000 23.661904342549832
705000 23.709504790381295
706000 23.68920152299058
707000 23.621085076612104
708000 23.694912009382858
709000 23.68195298186532
710000 23.697163893418814
711000 23.699054340548507
712000 23.65106842096553
713000 23.70762094267456
714000 23.659017899108385
715000 23.67907816815021
716000 23.64365031937733
717000 23.657609135898834
718000 23.70256440758188
719000 23.633409258064127
720000 23.728761401135266
721000 23.62981040622035
722000 23.707409986397494
723000 23.62890270355257
724000 23.729586740649207
725000 23.734980462018502
726000 23.6730771351385
727000 23.631217890130493
728000 23.67668254359503
729000 23.698113498156935
730000 23.693568560814445
731000 23.688787459757155
732000 23.653203110469292
733000 23.709801145926157
734000 23.741454612351834
735000 23.74364479432524
736000 23.721980929589407
737000 23.647679279516588
738000 23.67097203215969
739000 23.636543863912667
740000 23.695714617512387
741000 23.695078034281632
742000 23.680785739669595
743000 23.685911844308386
744000 23.71551976511059
745000 23.695962049433206
746000 23.6929276761196
747000 23.70147671740167
748000 23.71467016553241
749000 23.72255988728754
750000 23.73182866353604
751000 23.725195419334398
752000 23.69983811246923
753000 23.663452040228254
754000 23.64525880459559
755000 23.637775876542364
756000 23.69001764503884
757000 23.70247758854098
758000 23.668509860860716
759000 23.69083444363457
760000 23.66803163590716
761000 23.72315456896194
762000 23.66465285431657
763000 23.66468404480445
764000 23.60989937426211
765000 23.697993804939117
766000 23.660859825312663
767000 23.670175061674254
768000 23.716480052266952
769000 23.69835729533609
770000 23.683561971748503
771000 23.66878502428862
772000 23.640248452618206
773000 23.668276027335242
774000 23.646562999014925
775000 23.681261609678398
776000 23.662473376601543
777000 23.712838819752225
778000 23.664441061416316
779000 23.697126227017414
780000 23.678458657804867
781000 23.730466605293817
782000 23.69834120146756
783000 23.68396733715396
784000 23.65685276038909
785000 23.697860378256436
786000 23.728734234643376
787000 23.71097033037246
788000 23.697298528323376
789000 23.73620618976899
790000 23.699824876914132
791000 23.69488417010909
792000 23.709607533914017
793000 23.64963073008111
794000 23.694375858550796
795000 23.63097022602016
796000 23.73116849088921
797000 23.67840481966415
798000 23.755074068783287
799000 23.684248040884423
800000 23.701835706408577
801000 23.6412860154872
802000 23.748227681962224
803000 23.684827803626728
804000 23.65295701816644
805000 23.682463780301905
806000 23.650926820873952
807000 23.72438325390078
808000 23.709005535494896
809000 23.691588212768867
810000 23.68900796339989
811000 23.639157866001668
812000 23.67835355294451
813000 23.726917548092477
814000 23.65621978354261
815000 23.73253771741422
816000 23.727929748388828
817000 23.69947915302657
818000 23.69214918281768
819000 23.714355027860893
820000 23.680330393224096
821000 23.62127571247836
822000 23.644247388367045
823000 23.698565287641003
824000 23.742304039978258
825000 23.667252430287814
826000 23.616439409263254
827000 23.730818739007784
828000 23.670293707146868
829000 23.694597424936013
830000 23.674637811897323
831000 23.70821222041265
832000 23.66752002369288
833000 23.68675544494514
834000 23.683320726205885
835000 23.64743793649772
836000 23.687254664507844
837000 23.684885601193887
838000 23.666636594718522
839000 23.718410705674362
840000 23.665899802114406
841000 23.698168165663077
842000 23.71856794556343
843000 23.687967515182983
844000 23.691157484541613
845000 23.679717185601763
846000 23.687010258294755
847000 23.66785371561507
848000 23.663362286743286
849000 23.726898426479877
850000 23.709542276011664
851000 23.663404532958612
852000 23.657222312596033
853000 23.74330797659096
854000 23.71409156690381
855000 23.677740249663614
856000 23.72706009710311
857000 23.750097929799317
858000 23.704368630622042
859000 23.75342564948843
860000 23.73875374563811
861000 23.639402704702228
862000 23.73468367562028
863000 23.722117924650593
864000 23.679762753173748
865000 23.72119027541804
866000 23.65912810234785
867000 23.687732246063916
868000 23.704298448555207
869000 23.670834995155552
870000 23.621880431894724
871000 23.667906334217832
872000 23.651254749267366
873000 23.71372873542345
874000 23.73116004853215
875000 23.65238950131105
876000 23.70407186367008
877000 23.675014986301527
878000 23.65749718449133
879000 23.66845005265429
880000 23.75134661259586
881000 23.654438763994172
882000 23.687195940808262
883000 23.66766574890141
884000 23.708653075218947
885000 23.604307330666725
886000 23.719278005209603
887000 23.6960933671654
888000 23.66517131721604
889000 23.72214219027552
890000 23.727207982846682
891000 23.687510905859263
892000 23.675004857895182
893000 23.713849061322172
894000 23.618329153303204
895000 23.73052362495422
896000 23.649454767468036
897000 23.65502767612392
898000 23.61292526165819
899000 23.65699825147533
900000 23.660992346750362
901000 23.649613673712846
902000 23.676137738563465
903000 23.651831921247556
904000 23.67055746758569
905000 23.730186449017427
906000 23.656479789339972
907000 23.640746515756877
908000 23.63392963022516
909000 23.635885900225208
910000 23.669520587693835
911000 23.685691055712553
912000 23.702909666194817
913000 23.64321350955937
914000 23.646111142333403
915000 23.70799202136619
916000 23.66687851503972
917000 23.653829519756265
918000 23.698993905164038
919000 23.648023562606173
920000 23.672383140047724
921000 23.631569097458957
922000 23.614722506256093
923000 23.66547858158177
924000 23.63210985975053
925000 23.662410907964293
926000 23.653704328238298
927000 23.694463937949816
928000 23.689235474907367
929000 23.693043960729007
930000 23.645363117112733
931000 23.697560801628327
932000 23.671906427828507
933000 23.639216932035232
934000 23.692458543919763
935000 23.66574688220336
936000 23.702354625102444
937000 23.616140250775384
938000 23.6679511755117
939000 23.64151660547638
940000 23.681868438962177
941000 23.72172901924508
942000 23.67726355800529
943000 23.714085508571813
944000 23.70374933304626
945000 23.666007091676146
946000 23.71190906475697
947000 23.658289182314476
948000 23.647331308967704
949000 23.716267155142738
950000 23.635920978099506
951000 23.686977593071244
952000 23.705125075890265
953000 23.69082853502352
954000 23.639153238337027
955000 23.711502221012818
956000 23.65321541329312
957000 23.6891608512978
958000 23.706068472424164
959000 23.680864572028337
960000 23.68227283928808
961000 23.66089105429402
962000 23.661754513261787
963000 23.72064420234288
964000 23.670266350936693
965000 23.724315131047994
966000 23.66955558943113
967000 23.68503486083658
968000 23.676819455135576
969000 23.70308373800467
970000 23.724204818627342
971000 23.70775327154065
972000 23.732772485866178
973000 23.64005585083574
974000 23.70043024888671
975000 23.683376451982618
976000 23.681754448823238
977000 23.68134597709937
978000 23.694808427892266
979000 23.645262785547967
980000 23.628926252073637
981000 23.737160394767177
982000 23.686521729857574
983000 23.713693667537235
984000 23.648026241587363
985000 23.7564314977751
986000 23.686933177810147
987000 23.678732764870723
988000 23.66298839162879
989000 23.686831983075447
990000 23.676132156971484
991000 23.678837170218223
992000 23.699894940792966
993000 23.711682742125717
994000 23.696762636581468
995000 23.657047796574073
996000 23.672735980382573
997000 23.66011088402785
998000 23.736474240453532
999000 23.710212955054143
1000000 23.69961307906082
