0 23.469116043806718
1000 23.494742086241327
2000 23.463524599375944
3000 23.48461259922595
4000 23.493240374700374
5000 23.44777301533833
6000 23.488958361239103
7000 23.52328730188169
8000 23.461476634707036
9000 23.5149406088618
10000 23.45136550117754
11000 23.504830019169113
12000 23.47524741356039
13000 23.50652110453679
14000 23.487678960073534
15000 23.48794665237691
16000 23.493523059174546
17000 23.537789016281177
18000 23.507989936926883
19000 23.488662567022367
20000 23.52642860951553
21000 23.512752904151075
22000 23.494409479537648
23000 23.47420437392996
24000 23.510823172190275
25000 23.470985328104497
26000 23.476062551936256
27000 23.48787821665255
28000 23.46138439251859
29000 23.45670804041112
30000 23.47181147769186
31000 23.489337720586995
32000 23.47835132762774
33000 23.497293116545492
34000 23.485919317066877
35000 23.52485840323138
36000 23.436363531521813
37000 23.470000700644697
38000 23.45608458328898
39000 23.469883420699738
40000 23.4111061781618
41000 23.473250497285626
42000 23.47716859591937
43000 23.498926871414625
44000 23.50585802409739
45000 23.476182447722532
46000 23.492564596724026
47000 23.45694068991741
48000 23.464794566519156
49000 23.4975829110217
50000 23.47643681399077
51000 23.504309116928887
52000 23.48082660340119
53000 23.482742186170803
54000 23.500550557437155
55000 23.503504357960974
56000 23.469519738080976
57000 23.472021599006588
58000 23.52958083435718
59000 23.49847921728696
60000 23.497363368100366
61000 23.48929928857116
62000 23.486963510559818
63000 23.4542579650503
64000 23.512083804776328
65000 23.46990735392541
66000 23.449407312224174
67000 23.499269026785765
68000 23.567894458269016
69000 23.510941672817843
70000 23.484463044987745
71000 23.53745224278565
72000 23.464864283688414
73000 23.559305306947135
74000 23.54410908687997
75000 23.52150231106891
76000 23.46558110352239
77000 23.50223657275498
78000 23.4732568036995
79000 23.50660001859698
80000 23.44666854040597
81000 23.48715883801799
82000 23.496060664637326
83000 23.487114068635623
84000 23.502518215642734
85000 23.490801762257437
86000 23.491946040958425
87000 23.519895667644004
88000 23.50130139835154
89000 23.474457407355168
90000 23.524307838030833
91000 23.54739251124734
92000 23.460069060944335
93000 23.519155034451334
94000 23.48386972274537
95000 23.475519796378915
96000 23.486739339256363
97000 23.48799462194098
98000 23.48067239782228
99000 23.482234848138855
100000 23.48524648651425
101000 23.484063485883677
102000 23.50124851893262
103000 23.492278752193165
104000 23.504813890926613
105000 23.475038598023758
106000 23.46105753615193
107000 23.503334797308444
108000 23.43817627630737
109000 23.488215806692892
110000 23.465889753081374
111000 23.48723426020464
112000 23.455061933468922
113000 23.529874841099183
114000 23.40485567468656
115000 23.47012982017931
116000 23.525317495473093
117000 23.447254614053836
118000 23.472225383763217
119000 23.452215793914192
120000 23.450807796212942
121000 23.512998257494022
122000 23.515352784792974
123000 23.51808851908572
124000 23.476169750639755
125000 23.48650252773844
126000 23.504268165645016
127000 23.47271877095717
128000 23.485543872618884
129000 23.491686243330047
130000 23.476665503507252
131000 23.501003443943898
132000 23.484707951329202
133000 23.558017767894377
134000 23.512525594936378
135000 23.51908200685808
136000 23.490048201757215
137000 23.52361335326829
138000 23.44821501171972
139000 23.46895485189236
140000 23.561912588172373
141000 23.550702661387035
142000 23.53878413739385
143000 23.50436408839204
144000 23.545665362906707
145000 23.551615742510975
146000 23.533204555682207
147000 23.505311651371983
148000 23.51621384505645
149000 23.55044213812763
150000 23.502480138983252
151000 23.486264071409188
152000 23.55261023916744
153000 23.486528868446747
154000 23.50805023193256
155000 23.525566393064796
156000 23.508641522311436
157000 23.4942331547215
158000 23.53436288196838
159000 23.480734118072927
160000 23.46838531485431
161000 23.48247462289514
162000 23.5549237439256
163000 23.51962535275922
164000 23.482243894616005
165000 23.51498537090007
166000 23.467049587517234
167000 23.502960902065556
168000 23.486942257751046
169000 23.489264696704787
170000 23.438893924750403
171000 23.475793593265966
172000 23.49355724699936
173000 23.487153127669764
174000 23.489478596771757
175000 23.446819647373182
176000 23.494301865505328
177000 23.524172616111873
178000 23.484016637362235
179000 23.548456269264094
180000 23.47525647403764
181000 23.48536669832967
182000 23.473231392553494
183000 23.483279837227762
184000 23.46079244462743
185000 23.466466245361637
186000 23.470315902098918
187000 23.420468971896508
188000 23.47999765012646
189000 23.579606217451786
190000 23.4998232943149
191000 23.48926042202052
192000 23.522283693752005
193000 23.472215190084118
194000 23.534020237235275
195000 23.536875899158517
196000 23.48064957336119
197000 23.478740650089616
198000 23.51418944678154
199000 23.467531564304522
200000 23.51135346136433
201000 23.50148476298613
202000 23.49599714022523
203000 23.524924071754345
204000 23.51245403910449
205000 23.536947180606298
206000 23.51341750532823
207000 23.52469925978027
208000 23.538236483899208
209000 23.524394019104914
210000 23.493653856301858
211000 23.49712931882876
212000 23.502497495696744
213000 23.45968596866018
214000 23.520618848794847
215000 23.512557016070524
216000 23.469259236560955
217000 23.52003620196676
218000 23.523410837130005
219000 23.504600124325666
220000 23.476833449916818
221000 23.478543582029747
222000 23.532305791226282
223000 23.51012405753537
224000 23.457328617539897
225000 23.476301417875597
226000 23.50753502256121
227000 23.467373820801857
228000 23.470481350213756
229000 23.48863866358928
230000 23.457149313836616
231000 23.515986801960334
232000 23.483594677678468
233000 23.515986138987877
234000 23.42755510502995
235000 23.50178537789642
236000 23.537534079467935
237000 23.473424713526363
238000 23.48884649387645
239000 23.511274994813974
240000 23.4576334934017
241000 23.51187016123986
242000 23.609995550297107
243000 23.535669148284253
244000 23.517014164503998
245000 23.49792766675788
246000 23.507002582790875
247000 23.510441535470967
248000 23.486656982543042
249000 23.50271703545529
250000 23.527967025056995
251000 23.492509250497235
252000 23.50074886990251
253000 23.473094946899998
254000 23.50009480486971
255000 23.5391183647403
256000 23.499050826433038
257000 23.538222374835193
258000 23.45989080705308
259000 23.518497361619335
260000 23.53849517732664
261000 23.50830114932332
262000 23.463431349095888
263000 23.49749175432452
264000 23.523930987022908
265000 23.43683025147483
266000 23.453720612867063
267000 23.492643751172906
268000 23.539566899416794
269000 23.495822096086016
270000 23.512478318823238
271000 23.526611523381234
272000 23.511169943493933
273000 23.489360338217793
274000 23.454375837296368
275000 23.446185916878168
276000 23.516962512529062
277000 23.507623998925357
278000 23.511179914044018
279000 23.501789420647153
280000 23.456878068993216
281000 23.50077731038965
282000 23.45594619250093
283000 23.491049057186892
284000 23.470488642413333
285000 23.473162649336718
286000 23.497050371601862
287000 23.45874072550453
288000 23.496284120135062
289000 23.445158767039747
290000 23.45885957446351
291000 23.551137565818756
292000 23.519906423417307
293000 23.45871661889432
294000 23.486297331024705
295000 23.518402389093815
296000 23.508662705871128
297000 23.50938203512105
298000 23.500806135231237
299000 23.461947774185987
300000 23.467577634939246
301000 23.46289725149777
302000 23.474040566375972
303000 23.499116190247133
304000 23.504086994229603
305000 23.431267677472597
306000 23.518565772183877
307000 23.512902730048886
308000 23.472389730318813
309000 23.459367699228018
310000 23.53325166552113
311000 23.518721803613314
312000 23.465521977796318
313000 23.522356605710783
314000 23.519515567914073
315000 23.46574273123637
316000 23.535188322281897
317000 23.50055526010403
318000 23.5281944316067
319000 23.526125325762738
320000 23.52207932716671
321000 23.544070541247887
322000 23.50116012800372
323000 23.49365003623496
324000 23.482611841509243
325000 23.469445967849023
326000 23.455247873585616
327000 23.477348943070425
328000 23.50923726059622
329000 23.460807916240096
330000 23.500367607587016
331000 23.502835122752185
332000 23.489499482975752
333000 23.52030404354317
334000 23.500858702808905
335000 23.55315695369844
336000 23.535632173985647
337000 23.469977491407935
338000 23.512528708998904
339000 23.50854992024336
340000 23.502431412899348
341000 23.517114809920535
342000 23.51168369830615
343000 23.498225447247997
344000 23.537992990421678
345000 23.527720114988433
346000 23.513447278975477
347000 23.509148426038166
348000 23.51110529271589
349000 23.525958192466963
350000 23.477017019540163
351000 23.46079236318961
352000 23.47277467340697
353000 23.552149608494965
354000 23.50138435510815
355000 23.461255690355937
356000 23.47895796955975
357000 23.4911613350011
358000 23.489930321710247
359000 23.47779582347374
360000 23.50664364728098
361000 23.515402788205634
362000 23.5072907405528
363000 23.523255286164723
364000 23.511186021333987
365000 23.522799489379253
366000 23.49523383618741
367000 23.538318082976275
368000 23.45381398786314
369000 23.515195691980214
370000 23.534317912869373
371000 23.472983541629276
372000 23.510106436820053
373000 23.48334599473765
374000 23.498630860129808
375000 23.492547015952617
376000 23.516997132538318
377000 23.5129094602289
378000 23.525426054737842
379000 23.48543180078525
380000 23.50288191186949
381000 23.469716317708954
382000 23.474958795514553
383000 23.48398346464437
384000 23.562311083056624
385000 23.491561816129522
386000 23.526503886097455
387000 23.477532933440163
388000 23.530906109035417
389000 23.46421951359504
390000 23.5226582626879
391000 23.48708668227246
392000 23.467587208245774
393000 23.4776704841072
394000 23.49205366906961
395000 23.516553401828865
396000 23.49040133634317
397000 23.490282093362815
398000 23.472472241404144
399000 23.506731845588153
400000 23.491669964217294
401000 23.50508340385932
402000 23.450939930291177
403000 23.48828235400848
404000 23.505265392096543
405000 23.532095828381852
406000 23.491784018809355
407000 23.502702837066987
408000 23.541922208504538
409000 23.497168419853978
410000 23.503144598940867
411000 23.501235977713936
412000 23.48952688282725
413000 23.533283279181457
414000 23.51836165651926
415000 23.554213437015594
416000 23.502024817225262
417000 23.501324942100453
418000 23.463135622266456
419000 23.485064210808236
420000 23.48421747959169
421000 23.51732584343782
422000 23.46278234683473
423000 23.539596112870278
424000 23.473685180830454
425000 23.459617016711128
426000 23.464685029101073
427000 23.57546354759131
428000 23.47611399400991
429000 23.51872292194223
430000 23.46356741730269
431000 23.49123110829182
432000 23.519770787993906
433000 23.51259956569026
434000 23.507131440741063
435000 23.5556014420096
436000 23.488738322176346
437000 23.517091781701204
438000 23.474449515920792
439000 23.47947773475509
440000 23.447169942954687
441000 23.46200547217258
442000 23.465493984334817
443000 23.47654751555051
444000 23.487203417708713
445000 23.509181927907452
446000 23.4965960772505
447000 23.520946392037686
448000 23.51816530938386
449000 23.5485319477895
450000 23.481400052467787
451000 23.521903983184316
452000 23.530221341685095
453000 23.505786670520422
454000 23.502049435126324
455000 23.489295922754877
456000 23.46298600287348
457000 23.49087844188722
458000 23.478035626544873
459000 23.454902664595807
460000 23.48787206720462
461000 23.47895455267197
462000 23.475318991381585
463000 23.472645023612486
464000 23.503833722025874
465000 23.517738652270967
466000 23.46790611776955
467000 23.502246798540014
468000 23.476407392763363
469000 23.49958188916688
470000 23.469915547244298
471000 23.478835347401443
472000 23.504567535721794
473000 23.505101067766077
474000 23.492065823190305
475000 23.456800667316735
476000 23.498086255552728
477000 23.486543109007922
478000 23.502867278060013
479000 23.44934356363674
480000 23.485619693379373
481000 23.50498204433715
482000 23.490786780140592
483000 23.46629319825199
484000 23.498054549472393
485000 23.48910806055969
486000 23.48181807155894
487000 23.477701295411574
488000 23.491641141880134
489000 23.49585612696217
490000 23.440880829691086
491000 23.49706042665021
492000 23.50484106622734
493000 23.448910151009944
494000 23.51184723008051
495000 23.48225823406245
496000 23.513219640793476
497000 23.509862724969793
498000 23.48271061126151
499000 23.510203695332383
500000 23.492383803708027
501000 23.472720910765357
502000 23.465334539986216
503000 23.525163632883764
504000 23.468282497103164
505000 23.47256794126532
506000 23.538252820457753
507000 23.507198512562894
508000 23.49607171704776
509000 23.45438135957773
510000 23.51699672955967
511000 23.44634976269443
512000 23.489456933806906
513000 23.489134443200566
514000 23.491210375563888
515000 23.470165263599878
516000 23.512577352059516
517000 23.51357550784431
518000 23.461798346010973
519000 23.42422076127168
520000 23.45073255862902
521000 23.48891294001748
522000 23.49894452577437
523000 23.475027446396727
524000 23.51148535635679
525000 23.464651881935705
526000 23.460576900526426
527000 23.460293662475532
528000 23.43271020927806
529000 23.465329688070657
530000 23.550662505845263
531000 23.49011068467903
532000 23.44173717000089
533000 23.489276142338426
534000 23.50409372381199
535000 23.480405046925437
536000 23.433038615011817
537000 23.501654663140965
538000 23.52287053885525
539000 23.530809492117683
540000 23.538150163608005
541000 23.53005854880481
542000 23.490340117565353
543000 23.455000247866067
544000 23.479538057965446
545000 23.53059468045152
546000 23.538315742769825
547000 23.542472727648555
548000 23.542429507662224
549000 23.49408655320709
550000 23.470899857988567
551000 23.501557040623126
552000 23.516729383111993
553000 23.52119761962763
554000 23.502832610785955
555000 23.510439208522225
556000 23.517034633638566
557000 23.47810474941008
558000 23.473953924877996
559000 23.530776608337547
560000 23.466472224373035
561000 23.532762399360596
562000 23.506055047191193
563000 23.506874313761205
564000 23.513805623277726
565000 23.4875315169897
566000 23.523642692176725
567000 23.4895314727389
568000 23.50523827654221
569000 23.478100654138213
570000 23.516976376695563
571000 23.537868878247295
572000 23.516658505457563
573000 23.53954800879617
574000 23.50727191095837
575000 23.442618164447975
576000 23.48020368697731
577000 23.520609323412305
578000 23.527510664006197
579000 23.517897085057363
580000 23.471814207632818
581000 23.480006484810485
582000 23.502786849052445
583000 23.523340395389567
584000 23.507142864190953
585000 23.45729307198823
586000 23.49282225945838
587000 23.472648683708282
588000 23.5281324238858
589000 23.489655080684518
590000 23.466882348057364
591000 23.490257006173227
592000 23.534528062267587
593000 23.52080098149106
594000 23.48315160035034
595000 23.503070521069255
596000 23.502332830141352
597000 23.471044575216055
598000 23.504859906663285
599000 23.48035120291325
600000 23.49209588110961
601000 23.447833853936874
602000 23.45092737457514
603000 23.53732500020838
604000 23.48327309576808
605000 23.499478658606343
606000 23.484284963881358
607000 23.496111387927375
608000 23.479651795162745
609000 23.52043197464958
610000 23.45949812886123
611000 23.51773281593309
612000 23.413614452651824
613000 23.495118466579598
614000 23.476533451279863
615000 23.478960643476718
616000 23.47076574264356
617000 23.484806779464723
618000 23.487420211157296
619000 23.445456976620783
620000 23.49503885289715
621000 23.48473106327388
622000 23.44335421738258
623000 23.497965613817758
624000 23.489875557966855
625000 23.477834464480523
626000 23.466473884405442
627000 23.505016461764725
628000 23.45455317033616
629000 23.510905594216847
630000 23.470481295061763
631000 23.45986788339007
632000 23.58439259743209
633000 23.516539416704454
634000 23.50613124811623
635000 23.456778475421853
636000 23.489989522850244
637000 23.49642309844221
638000 23.431157629443007
639000 23.48398738598002
640000 23.512400532945243
641000 23.512996308309376
642000 23.499333465127584
643000 23.53361487731951
644000 23.522835462353697
645000 23.481688446678852
646000 23.508926849497875
647000 23.50229885405743
648000 23.522542179795483
649000 23.49126479566373
650000 23.534239580949976
651000 23.49903317802185
652000 23.487438272731765
653000 23.513162248237176
654000 23.497565128400673
655000 23.530220975705678
656000 23.52596128109104
657000 23.477131279054664
658000 23.47279254591089
659000 23.479021237458245
660000 23.48138834058867
661000 23.489376995432274
662000 23.538820005811154
663000 23.46912015396943
664000 23.538873299261304
665000 23.524675694038724
666000 23.502392997268387
667000 23.555442584225315
668000 23.50170016674334
669000 23.452871593664906
670000 23.506020488890535
671000 23.516935516467523
672000 23.51204966439146
673000 23.492568840631513
674000 23.52658679907358
675000 23.56954240924474
676000 23.503001391168112
677000 23.517960618707658
678000 23.46431468027869
679000 23.522889056193147
680000 23.45395834415349
681000 23.4980117408997
682000 23.51122823104708
683000 23.485119555461925
684000 23.46618024811559
685000 23.497674656989748
686000 23.53284276056978
687000 23.502866600556047
688000 23.507615847100293
689000 23.485550213924057
690000 23.55863931734884
691000 23.487721968232908
692000 23.466454619978972
693000 23.444535617077758
694000 23.505948752072285
695000 23.500319758606846
696000 23.486253535034713
697000 23.522239436163034
698000 23.512903260281337
699000 23.437725718212175
700000 23.49830987238432
701000 23.454250098650707
702000 23.473478915667013
703000 23.454059139490564
704000 23.517725365898965
705000 23.481947388807
706000 23.514025052402978
707000 23.50512241477738
708000 23.44938612431286
709000 23.505637641185515
710000 23.461144255569
711000 23.44682015035315
712000 23.519522463030057
713000 23.460487881183354
714000 23.44841883898573
715000 23.47331616196252
716000 23.51084242668854
717000 23.526133234043336
718000 23.50319443798427
719000 23.520996574039224
720000 23.462956497165155
721000 23.466302627382753
722000 23.501935302649688
723000 23.47903677184143
724000 23.44102897000938
725000 23.534343506618118
726000 23.473811205612805
727000 23.48074335815433
728000 23.46170100187154
729000 23.512220921288918
730000 23.487090164742394
731000 23.480104451829433
732000 23.50375196206236
733000 23.448452860026762
734000 23.473846116479805
735000 23.494060776412756
736000 23.447136370134245
737000 23.484211868765914
738000 23.50562162648659
739000 23.559275505082148
740000 23.488627670077665
741000 23.504257094386755
742000 23.491610124571427
743000 23.505830173417575
744000 23.47201814166786
745000 23.519497110984723
746000 23.516812074261605
747000 23.543369081587837
748000 23.50172378475467
749000 23.500794417245377
750000 23.480883557653808
751000 23.49846350511687
752000 23.52286711903648
753000 23.492685813316495
754000 23.48153438838711
755000 23.49862256094766
756000 23.48130996637849
757000 23.47491507047648
758000 23.518036561098242
759000 23.508253664152246
760000 23.514823587459475
761000 23.46384183358969
762000 23.531542039844954
763000 23.508015033784442
764000 23.50378393066205
765000 23.447385874264214
766000 23.459687493286296
767000 23.4982258239423
768000 23.49083151907279
769000 23.48460954869585
770000 23.481935040406906
771000 23.566667680627212
772000 23.53294320979439
773000 23.44769644992419
774000 23.51190334257092
775000 23.491559597416188
776000 23.504071291423305
777000 23.50307853452294
778000 23.47850562409368
779000 23.498806167078286
780000 23.533748944810416
781000 23.512439801976903
782000 23.506700714781967
783000 23.523088569958514
784000 23.526487527924008
785000 23.495374993725836
786000 23.498788112980954
787000 23.516998239015024
788000 23.512650367596994
789000 23.52470794208891
790000 23.45029946284387
791000 23.515053594853857
792000 23.49319490010449
793000 23.510253929897868
794000 23.495343631477674
795000 23.519416122994826
796000 23.518941596787243
797000 23.494125900965564
798000 23.510092370962553
799000 23.455019169224805
800000 23.55413739095068
801000 23.49254623922229
802000 23.521249110056388
803000 23.46451678767981
804000 23.52501907425595
805000 23.45817066303758
806000 23.470359885292837
807000 23.4710982324772
808000 23.5091513567307
809000 23.50850784298621
810000 23.474874247446675
811000 23.446811494728866
812000 23.53875361519618
813000 23.472635183998587
814000 23.462229276516357
815000 23.486723167008567
816000 23.424943328084854
817000 23.460512486504715
818000 23.47551450593213
819000 23.52913398353495
820000 23.500044298560194
821000 23.43644165203658
822000 23.488213032890567
823000 23.517762844669726
824000 23.506500809351454
825000 23.468998420564564
826000 23.495746258777267
827000 23.534346500815655
828000 23.461286207230128
829000 23.491709741883398
830000 23.498243601704427
831000 23.469741607602206
832000 23.43905692400694
833000 23.489430624819025
834000 23.479174098006798
835000 23.478733499220557
836000 23.503293644501
837000 23.51721543673324
838000 23.52726449690691
839000 23.51433647679099
840000 23.550636414867924
841000 23.492910465085675
842000 23.476055410172567
843000 23.482202708030215
844000 23.485665075400547
845000 23.518983144145057
846000 23.46827448610105
847000 23.439903708084216
848000 23.530154924811193
849000 23.480941655211087
850000 23.46209675775629
851000 23.433795521144102
852000 23.45984961307797
853000 23.53727338017763
854000 23.48563050374616
855000 23.473389713694356
856000 23.488959475738355
857000 23.561491337894758
858000 23.48170876967509
859000 23.55850507814754
860000 23.508500424322712
861000 23.51460513485561
862000 23.47745413623182
863000 23.518081146148475
864000 23.5001345907846
865000 23.568223994861295
866000 23.509818502712204
867000 23.504384079480538
868000 23.532054720491452
869000 23.499001779366502
870000 23.53979622342886
871000 23.512610557138988
872000 23.487183532970022
873000 23.483794084834923
874000 23.55373933586751
875000 23.459202805625193
876000 23.565799077532564
877000 23.506386128903028
878000 23.474346193104104
879000 23.53505714002858
880000 23.46686503235905
881000 23.517555407245727
882000 23.531577416927693
883000 23.534302583343955
884000 23.53981183549057
885000 23.48158137118341
886000 23.539468832868206
887000 23.540073647797808
888000 23.51318263048085
889000 23.532161805860753
890000 23.5089498881884
891000 23.515787339598283
892000 23.513159203605483
893000 23.50442161435456
894000 23.47682593112761
895000 23.497747015102714
896000 23.49510964503402
897000 23.470798224764362
898000 23.50250974155896
899000 23.49940837797714
900000 23.417880456143276
901000 23.44876569735321
902000 23.4759283108821
903000 23.48839063821698
904000 23.544996081032505
905000 23.528151727915922
906000 23.492758892717777
907000 23.45426180719672
908000 23.435848464944208
909000 23.482040925536182
910000 23.49149270273596
911000 23.524653656435074
912000 23.443550145847208
913000 23.4613258106316
914000 23.469603274306237
915000 23.450837157811964
916000 23.447619184410353
917000 23.4689573800519
918000 23.492434790357496
919000 23.531319478538332
920000 23.443853637805898
921000 23.520501773954084
922000 23.503536256871957
923000 23.51852967111158
924000 23.546658218813583
925000 23.50471181912596
926000 23.51973214772599
927000 23.525041948522794
928000 23.550406123527175
929000 23.535353728919425
930000 23.556502756103246
931000 23.521360993112147
932000 23.535584028754055
933000 23.529930108877625
934000 23.487457807388452
935000 23.522785432416185
936000 23.554459872884646
937000 23.570558836954408
938000 23.531678853687286
939000 23.47673483953423
940000 23.5213366890028
941000 23.505160920892084
942000 23.509455857559953
943000 23.50671973032826
944000 23.497042441306867
945000 23.513714655641675
946000 23.506584679673487
947000 23.49311235512578
948000 23.538276844400507
949000 23.510347541566972
950000 23.54147270479205
951000 23.51024216835673
952000 23.52859358087251
953000 23.523161695067625
954000 23.47883494140338
955000 23.50730195513162
956000 23.484727642814885
957000 23.48965803191906
958000 23.49936030981009
959000 23.4849123398667
960000 23.46183317175665
961000 23.504645643817675
962000 23.525824974045275
963000 23.520200684833334
964000 23.543448178631813
965000 23.459715858792865
966000 23.490042325177235
967000 23.46520473514262
968000 23.483919061280552
969000 23.51159525705064
970000 23.533728990140784
971000 23.452616309529002
972000 23.520116272880454
973000 23.51232057955288
974000 23.440377746690977
975000 23.50272853501927
976000 23.498222436873622
977000 23.4542224297407
978000 23.51213190713647
979000 23.518328711947692
980000 23.47316584332309
981000 23.54127832961623
982000 23.520576633917038
983000 23.542293584340072
984000 23.506695047910505
985000 23.528835642417267
986000 23.502357203885335
987000 23.494303548341836
988000 23.502951401664074
989000 23.517294805150115
990000 23.46064309991383
991000 23.470265091450305
992000 23.49863767230032
993000 23.529740879137293
994000 23.536823021225885
995000 23.550647151290132
996000 23.5368985047024
997000 23.52258874501524
998000 23.530024787882212
999000 23.499257134552057
1000000 23.519139936813765
