0 23.180226347966215
1000 23.18396671641786
2000 23.20644222283683
3000 23.213761833320373
4000 23.216521449313316
5000 23.212065665773704
6000 23.17885603043476
7000 23.160277251994415
8000 23.18867087319014
9000 23.21375900241834
10000 23.20143308629152
11000 23.226037003708043
12000 23.161622476707983
13000 23.197952707132824
14000 23.16595174011099
15000 23.146153919177316
16000 23.19834612094013
17000 23.18612718385959
18000 23.151212873780313
19000 23.20698738135933
20000 23.171537107371307
21000 23.173797081200075
22000 23.17116437637288
23000 23.163670559757815
24000 23.16698163658423
25000 23.20502207385937
26000 23.19994896569243
27000 23.21218159470021
28000 23.22851453719615
29000 23.206463397574833
30000 23.15968760409228
31000 23.139787798849763
32000 23.21128418924092
33000 23.210433780492988
34000 23.199065108243573
35000 23.209668690045785
36000 23.145635476239946
37000 23.20985220401746
38000 23.222461418831784
39000 23.14663695890453
40000 23.15963902950219
41000 23.152327284836083
42000 23.214926990351294
43000 23.221724542172097
44000 23.174131736297582
45000 23.13822137432771
46000 23.179652989817452
47000 23.190935196637675
48000 23.18456850649092
49000 23.15404621504338
50000 23.172485599539815
51000 23.21617083996698
52000 23.147563052633195
53000 23.16790801960993
54000 23.163236446160706
55000 23.188719688912194
56000 23.192261093770906
57000 23.143322553745655
58000 23.09525077748647
59000 23.164564434365822
60000 23.196104066125496
61000 23.16743601827834
62000 23.158414709920986
63000 23.19449602489378
64000 23.224743466250338
65000 23.154393238912157
66000 23.164814982259085
67000 23.20891897722897
68000 23.173645677309043
69000 23.191412353117737
70000 23.195762861008745
71000 23.202874309046848
72000 23.196714075344133
73000 23.179149606930736
74000 23.184526572187078
75000 23.19411912663856
76000 23.171865161339603
77000 23.168328720279334
78000 23.195851753578886
79000 23.191469610928852
80000 23.163909663347106
81000 23.20358191458585
82000 23.181890155559824
83000 23.20886449585805
84000 23.216445475842896
85000 23.154033443790556
86000 23.192211420995815
87000 23.17642182280095
88000 23.14989303766626
89000 23.172131260129166
90000 23.18350913701659
91000 23.211564069926045
92000 23.209573957811372
93000 23.173801480948207
94000 23.166166550849056
95000 23.19007116714663
96000 23.22160900512572
97000 23.185611720010566
98000 23.192936109269983
99000 23.194761580743904
100000 23.148304684630475
101000 23.17966725312823
102000 23.194117397442138
103000 23.18692894248076
104000 23.187255456028748
105000 23.190507946909285
106000 23.21737769725263
107000 23.172947006460948
108000 23.157238805222175
109000 23.14552267754171
110000 23.171071125965977
111000 23.157000312466504
112000 23.17376813019331
113000 23.224581864712952
114000 23.155412577084707
115000 23.200816076245264
116000 23.219378996153097
117000 23.16207433708568
118000 23.170503888493837
119000 23.212720167561468
120000 23.155806074140575
121000 23.195540586820186
122000 23.17279394854336
123000 23.172745330078236
124000 23.201527140832958
125000 23.188100422306235
126000 23.16790205714864
127000 23.187069755827572
128000 23.177762633409607
129000 23.19807392396091
130000 23.206301028664875
131000 23.15456472383436
132000 23.135042510385436
133000 23.182380505444254
134000 23.18041325077838
135000 23.142687634239575
136000 23.19669628863195
137000 23.210529035895906
138000 23.160416458898986
139000 23.206563340698654
140000 23.20011599648389
141000 23.20335240808978
142000 23.25209109703034
143000 23.182430851672635
144000 23.174039737621822
145000 23.2364804443938
146000 23.183968616605476
147000 23.158743074008466
148000 23.203166463195522
149000 23.21521897495342
150000 23.1482766578666
151000 23.192505689443937
152000 23.17644421672002
153000 23.216949586856295
154000 23.20233556673966
155000 23.201250356481967
156000 23.148178634804285
157000 23.190520288523064
158000 23.186562496481816
159000 23.177285079775285
160000 23.176271967582448
161000 23.18943528907934
162000 23.201520665991197
163000 23.215529401285462
164000 23.1896682632804
165000 23.186469148073826
166000 23.226830728176893
167000 23.182586645984298
168000 23.174247091972443
169000 23.196969420964898
170000 23.166573941830542
171000 23.157368752497792
172000 23.21015666492573
173000 23.204955193701824
174000 23.20116691937236
175000 23.217422183502446
176000 23.188767275769347
177000 23.21519853437613
178000 23.190405612912986
179000 23.187394125063275
180000 23.212047470490894
181000 23.214733340473394
182000 23.227294912925853
183000 23.223114847617705
184000 23.224834340584078
185000 23.20189228122833
186000 23.210452350618276
187000 23.20168592301069
188000 23.174546842748228
189000 23.19113238331468
190000 23.231578414395432
191000 23.20079644645945
192000 23.19827855355027
193000 23.194134019036657
194000 23.173165540410103
195000 23.200396170795365
196000 23.207142014865415
197000 23.206451869428253
198000 23.1650485412158
199000 23.16913827482457
200000 23.224116627419672
201000 23.214256608767425
202000 23.225963017678936
203000 23.233488703546683
204000 23.20145333121405
205000 23.22387397099375
206000 23.223380523931652
207000 23.21460891988732
208000 23.25088863191448
209000 23.173180737959594
210000 23.181358783913844
211000 23.212304185836473
212000 23.1665480733949
213000 23.179298568608353
214000 23.20660192939763
215000 23.202479508265373
216000 23.211161120079026
217000 23.219165175829087
218000 23.198042728535285
219000 23.21317342251032
220000 23.202429838457785
221000 23.18054826101443
222000 23.20637035774799
223000 23.20567300822181
224000 23.186062398596086
225000 23.19660608152211
226000 23.179757303878965
227000 23.19051149044656
228000 23.143598361542224
229000 23.18182284304451
230000 23.20511166910658
231000 23.235960657002593
232000 23.182872554005293
233000 23.20858413180356
234000 23.21053284650851
235000 23.19615510967747
236000 23.198106187202434
237000 23.205898336623164
238000 23.169136204870654
239000 23.228172777099527
240000 23.231391787176506
241000 23.209941716596052
242000 23.183468872946147
243000 23.185333571693345
244000 23.203511652727826
245000 23.179632733438257
246000 23.205652456719758
247000 23.188279817606468
248000 23.24877877707779
249000 23.192179461133257
250000 23.199505546663957
251000 23.2498430827909
252000 23.231399519359318
253000 23.194834896826567
254000 23.21116305089784
255000 23.233743783055804
256000 23.200805897365964
257000 23.25620185710215
258000 23.225098507245136
259000 23.211435701724497
260000 23.23080667275219
261000 23.247200389073114
262000 23.221316245405742
263000 23.220510774696503
264000 23.220766239246917
265000 23.204497039527272
266000 23.20030831984559
267000 23.23377825858173
268000 23.17818744914394
269000 23.18248897656664
270000 23.17040518109139
271000 23.18858262862232
272000 23.196518363306023
273000 23.198477490777456
274000 23.198884303213607
275000 23.22089629452495
276000 23.17354091067553
277000 23.17168073697237
278000 23.220584230265043
279000 23.214106211555166
280000 23.183600571687997
281000 23.228344936757402
282000 23.218808458595174
283000 23.176596788175466
284000 23.195930524090294
285000 23.214044619149785
286000 23.205878376006968
287000 23.21491902075068
288000 23.22140500141223
289000 23.20777107341113
290000 23.2137989196718
291000 23.191185232461812
292000 23.19326490902833
293000 23.17068232801069
294000 23.211373329249867
295000 23.19144378233918
296000 23.199968769883384
297000 23.165391018332684
298000 23.17102854662594
299000 23.18724557063782
300000 23.229184070342466
301000 23.204495027675947
302000 23.16135357545862
303000 23.180938899316665
304000 23.170259487205637
305000 23.205778643372106
306000 23.222860593951502
307000 23.202546950343685
308000 23.240322605215827
309000 23.196963402605068
310000 23.218740062411637
311000 23.232917244556507
312000 23.216949313002647
313000 23.191689038688796
314000 23.19942429040701
315000 23.123489343568853
316000 23.19538983903792
317000 23.173303266965164
318000 23.17087625883201
319000 23.18658075336981
320000 23.163400482736833
321000 23.188385201040738
322000 23.191468477889494
323000 23.171610245996003
324000 23.198241712180586
325000 23.17562391813756
326000 23.165337815910494
327000 23.18717627011634
328000 23.153991989282815
329000 23.176662813846555
330000 23.201888458949853
331000 23.175196490634736
332000 23.193038990664306
333000 23.252732680359347
334000 23.183741305542522
335000 23.175234481820958
336000 23.18704633326836
337000 23.171283166126223
338000 23.243313367153075
339000 23.195030876132897
340000 23.23103523460919
341000 23.192649820355918
342000 23.215855588152312
343000 23.204969879786063
344000 23.197558788409392
345000 23.199817807732675
346000 23.147968775443438
347000 23.19887741905487
348000 23.162026577308705
349000 23.153942792957068
350000 23.153829068915794
351000 23.18788271446492
352000 23.17238194622972
353000 23.15653174658596
354000 23.188295433789545
355000 23.22147221125591
356000 23.189191407634294
357000 23.174989529008307
358000 23.21946983004161
359000 23.195905087041947
360000 23.25695626808074
361000 23.18495108354508
362000 23.22073072941905
363000 23.183262488721965
364000 23.184061536447494
365000 23.18979395048828
366000 23.212520478639213
367000 23.188324654693144
368000 23.218724824861344
369000 23.183975573591212
370000 23.184955028035795
371000 23.18352585727904
372000 23.20045013138026
373000 23.20432246413448
374000 23.19498377661618
375000 23.209697931390934
376000 23.178176633596042
377000 23.227270165224578
378000 23.234909431915113
379000 23.18460092515107
380000 23.24197385433127
381000 23.23787611480928
382000 23.184421199479935
383000 23.184402227754195
384000 23.154935526681633
385000 23.24192370331715
386000 23.182190757707833
387000 23.190105281223495
388000 23.228812124752938
389000 23.18980495390768
390000 23.181203968396954
391000 23.172184045895914
392000 23.182847525082718
393000 23.211753784475004
394000 23.20775079003218
395000 23.185496024828204
396000 23.19844434705217
397000 23.196704507996294
398000 23.216398789948542
399000 23.198346857684733
400000 23.21229541487236
401000 23.214819918461764
402000 23.187064946455106
403000 23.197013522748694
404000 23.13431724097836
405000 23.17284152597997
406000 23.17260325228699
407000 23.19338594439731
408000 23.187715712518347
409000 23.19055178896557
410000 23.21331255426007
411000 23.187420363965394
412000 23.174485838034748
413000 23.201483562698282
414000 23.20535766216848
415000 23.183883012620957
416000 23.208861790822187
417000 23.182773227438258
418000 23.163851781425503
419000 23.159519468474784
420000 23.172057174085047
421000 23.21110746077143
422000 23.174452256723583
423000 23.166713203797375
424000 23.174150997605
425000 23.188593578426314
426000 23.227256339085738
427000 23.18460127490298
428000 23.190963166402394
429000 23.1648354123795
430000 23.175541491348696
431000 23.18576268044986
432000 23.214751000196877
433000 23.20859229633131
434000 23.185950711064613
435000 23.199102981498083
436000 23.18027856894989
437000 23.18969949355002
438000 23.199625856619402
439000 23.16979049317672
440000 23.232465719435936
441000 23.199559377095564
442000 23.206990079997176
443000 23.164342410221632
444000 23.13556106894211
445000 23.184335744604006
446000 23.15373590915542
447000 23.170477989532777
448000 23.1977983763633
449000 23.18226526224486
450000 23.17970494131396
451000 23.170346822171545
452000 23.20454447968895
453000 23.180348418493242
454000 23.17167764967452
455000 23.184558787957002
456000 23.22066062807152
457000 23.188213642093125
458000 23.179392221461267
459000 23.186721944739293
460000 23.221552447635283
461000 23.198875894228273
462000 23.187215731210898
463000 23.205425864999086
464000 23.238646935802045
465000 23.168822426205036
466000 23.153329450258084
467000 23.182683397506988
468000 23.21250422787863
469000 23.15616450149166
470000 23.17958044547923
471000 23.209925554069468
472000 23.18562666947676
473000 23.2056636925353
474000 23.189857979827284
475000 23.20293760356671
476000 23.209475564512477
477000 23.17583974030795
478000 23.19753500540163
479000 23.229214420979304
480000 23.176732668030766
481000 23.18149667354931
482000 23.23574313200904
483000 23.22371698898763
484000 23.20552600615701
485000 23.164398191988376
486000 23.184281678121618
487000 23.196949176831705
488000 23.20218041826135
489000 23.194275229501795
490000 23.150463544853782
491000 23.171148998406036
492000 23.207696456371263
493000 23.251858018308834
494000 23.16591047780587
495000 23.198778564793955
496000 23.157057402248462
497000 23.23808112712869
498000 23.17281855499804
499000 23.207819204258207
500000 23.200748959388246
501000 23.21924618783982
502000 23.19268205232445
503000 23.22265841362099
504000 23.196629188114454
505000 23.185565355073365
506000 23.198572175980235
507000 23.208320849769798
508000 23.1311932651815
509000 23.192235744563895
510000 23.22398122118535
511000 23.199648964619744
512000 23.188625390831813
513000 23.16041432162452
514000 23.184591155047688
515000 23.21109493306192
516000 23.17706340060622
517000 23.20988043032416
518000 23.183446519431488
519000 23.197944039319715
520000 23.139549843860994
521000 23.204095644536068
522000 23.222218034441607
523000 23.196427947832944
524000 23.202505581160246
525000 23.1990270727764
526000 23.18786620149704
527000 23.17457570124166
528000 23.225917235045156
529000 23.183767519964857
530000 23.216991483941165
531000 23.150387847589645
532000 23.173022981208003
533000 23.167085082923187
534000 23.197749064635907
535000 23.161177289405657
536000 23.17221814942258
537000 23.156164551269782
538000 23.222603737230383
539000 23.17153320969786
540000 23.192577138241706
541000 23.18383890125093
542000 23.170266849981974
543000 23.184909132466284
544000 23.232862425558796
545000 23.194853771441906
546000 23.214895703709413
547000 23.234463576870194
548000 23.187727672397966
549000 23.182560385122216
550000 23.186969477231226
551000 23.170504621551043
552000 23.190836120068994
553000 23.18010416771382
554000 23.165229193479554
555000 23.202745713678155
556000 23.152940888884768
557000 23.168932672775497
558000 23.16970257755317
559000 23.236174458820223
560000 23.193605490536967
561000 23.177734352489193
562000 23.18337177605994
563000 23.19484518973629
564000 23.198704388935212
565000 23.20081779224073
566000 23.221879595371238
567000 23.183284226209274
568000 23.224877831988312
569000 23.25212541808928
570000 23.190603389708947
571000 23.217387931553763
572000 23.243151428194558
573000 23.24260918490353
574000 23.203317470565953
575000 23.18064537393399
576000 23.188478054940255
577000 23.17701539201661
578000 23.17242318478802
579000 23.15104405033697
580000 23.178256833322678
581000 23.184874243898566
582000 23.189768715675683
583000 23.197476119589414
584000 23.165520086492606
585000 23.20900956986664
586000 23.227708703801323
587000 23.157575022473956
588000 23.22181416213217
589000 23.133673836142457
590000 23.206013267645027
591000 23.20785057097231
592000 23.190934117349606
593000 23.202516235429673
594000 23.195759183831136
595000 23.18280749013279
596000 23.16811033310957
597000 23.21405418422111
598000 23.185434232627813
599000 23.1864376673487
600000 23.197282331971955
601000 23.201497759735595
602000 23.181931092273324
603000 23.181150100472525
604000 23.211847610860943
605000 23.234322262206188
606000 23.201836529023538
607000 23.197131128145358
608000 23.1920691099209
609000 23.197213026210665
610000 23.158997896654196
611000 23.198763441070707
612000 23.174992379398265
613000 23.185163415256852
614000 23.19332244173704
615000 23.234750592717454
616000 23.221963015799794
617000 23.212633010113326
618000 23.161975702356358
619000 23.16459726539331
620000 23.16186328988469
621000 23.18887048292965
622000 23.200830412739794
623000 23.186883378554644
624000 23.196262623066385
625000 23.23989338583448
626000 23.20393892014862
627000 23.22017429522379
628000 23.18566270323365
629000 23.217493239964718
630000 23.216028155896357
631000 23.220059285690567
632000 23.20126419269409
633000 23.217272359497684
634000 23.178181793862958
635000 23.17843266041419
636000 23.1894868540772
637000 23.23229934196396
638000 23.199096466588433
639000 23.21161077899607
640000 23.18115681306986
641000 23.24589883216584
642000 23.209946920989974
643000 23.20066143583421
644000 23.256114558050104
645000 23.200843937036435
646000 23.237064121461017
647000 23.22097205663538
648000 23.181824158246744
649000 23.21018129756972
650000 23.216959227534204
651000 23.21141359317165
652000 23.20270889356076
653000 23.22390336263118
654000 23.168047155918874
655000 23.180143957610742
656000 23.221851539675395
657000 23.23283685259419
658000 23.177247655998958
659000 23.215453813829594
660000 23.188356505709468
661000 23.22908403858679
662000 23.19631084625001
663000 23.194544101896966
664000 23.177053614099457
665000 23.182810153643363
666000 23.16927432457297
667000 23.220693810665338
668000 23.26438589163192
669000 23.188435953033995
670000 23.17499548028511
671000 23.17740079487163
672000 23.15090803164901
673000 23.21162288681071
674000 23.168594212002063
675000 23.21803668916017
676000 23.18911978432521
677000 23.18871890080365
678000 23.1561576018062
679000 23.18215074879326
680000 23.167693927882922
681000 23.21153732550998
682000 23.19960594516299
683000 23.15420399987722
684000 23.191516685318852
685000 23.199177936668328
686000 23.21887496045645
687000 23.198063873488273
688000 23.201521394315137
689000 23.192643389588454
690000 23.207251289399956
691000 23.196402236937644
692000 23.231385027105368
693000 23.187834861418636
694000 23.159409294909793
695000 23.149880597469146
696000 23.238906311256866
697000 23.18859738498542
698000 23.156118725431178
699000 23.201737097050316
700000 23.205518599123714
701000 23.21994502725467
702000 23.18416215290441
703000 23.196590062934067
704000 23.174307602434776
705000 23.223974478874034
706000 23.219327649326218
707000 23.190955368702536
708000 23.234610348031186
709000 23.17871296856726
710000 23.213147489176414
711000 23.199515761350302
712000 23.21569932673675
713000 23.20698814505569
714000 23.205864258874257
715000 23.178622551282032
716000 23.185928597038714
717000 23.184614595929123
718000 23.199246649872702
719000 23.24371006536717
720000 23.211508704284913
721000 23.18404134227529
722000 23.167089092483735
723000 23.211971870279196
724000 23.221941432994868
725000 23.232687125595067
726000 23.151450733279194
727000 23.193513675473863
728000 23.221439120281925
729000 23.241884967809018
730000 23.243914184661957
731000 23.209370010946827
732000 23.213497740681102
733000 23.157519225108558
734000 23.23497361441921
735000 23.181520305414654
736000 23.211204818867632
737000 23.21108764876044
738000 23.192804144381856
739000 23.211374702586884
740000 23.213624284628974
741000 23.188643087975173
742000 23.17952294597409
743000 23.213466199673615
744000 23.160349203323825
745000 23.22077252943761
746000 23.191291957096443
747000 23.203578580693414
748000 23.167400414891997
749000 23.19358386808452
750000 23.190990020331107
751000 23.195164389623567
752000 23.170278077689378
753000 23.197783636060343
754000 23.176522577961656
755000 23.198344210859364
756000 23.185237329450786
757000 23.149126525070432
758000 23.214559785156098
759000 23.203661214647063
760000 23.192509673214516
761000 23.22024383013229
762000 23.168484123539336
763000 23.217366764588277
764000 23.227943812988023
765000 23.210732370767907
766000 23.19031735882071
767000 23.20875389150567
768000 23.197977725644815
769000 23.25161263578674
770000 23.199859395142898
771000 23.227092555246642
772000 23.230913705216196
773000 23.219713889629315
774000 23.193165578210774
775000 23.258283740340076
776000 23.188841910124374
777000 23.203702571284953
778000 23.213851208844794
779000 23.208929759700677
780000 23.23395491336766
781000 23.213831478835164
782000 23.190923294556217
783000 23.22737487669652
784000 23.168034253930212
785000 23.189938400200305
786000 23.163435131025107
787000 23.192378128826594
788000 23.15398524380043
789000 23.197031332967935
790000 23.181099850863287
791000 23.21713038936119
792000 23.200150800700257
793000 23.1929749247519
794000 23.19137888760591
795000 23.219967210292136
796000 23.187254114207754
797000 23.20390227588725
798000 23.16735564793463
799000 23.21203875185068
800000 23.16426383601831
801000 23.16560970181996
802000 23.201001627839336
803000 23.150332289699833
804000 23.203178011502008
805000 23.223204518571187
806000 23.13523003916885
807000 23.17337083480849
808000 23.200617770072032
809000 23.15361943016038
810000 23.19669657921087
811000 23.18101841207297
812000 23.246462287517428
813000 23.209886224798748
814000 23.203434922787093
815000 23.219188682018512
816000 23.225084791587427
817000 23.18238294043779
818000 23.180729939943426
819000 23.18433264895934
820000 23.201806545862933
821000 23.148393745762476
822000 23.19738338543411
823000 23.19515801166723
824000 23.194536479241677
825000 23.19617080842095
826000 23.17849731683864
827000 23.173366747376164
828000 23.19605643991376
829000 23.20840768780291
830000 23.17728883009803
831000 23.18057304105689
832000 23.182719682328948
833000 23.193740655056924
834000 23.1852060692407
835000 23.20717507655902
836000 23.222977015224405
837000 23.205038119528243
838000 23.167230210328004
839000 23.19412367285499
840000 23.194215975967783
841000 23.191722608596994
842000 23.167924485427516
843000 23.233789058566046
844000 23.194838424483088
845000 23.202112422386683
846000 23.16042120520133
847000 23.1640668099205
848000 23.186273438846488
849000 23.220699752930834
850000 23.234024579303544
851000 23.177040498583953
852000 23.208248858151876
853000 23.210415023624243
854000 23.205825854422383
855000 23.22051609495071
856000 23.192723084848478
857000 23.21799903247039
858000 23.198279120100167
859000 23.161736357863596
860000 23.188449109095504
861000 23.18145445816416
862000 23.216395242628703
863000 23.208967346317866
864000 23.2450814253871
865000 23.212841077172538
866000 23.195724841832604
867000 23.184455777887862
868000 23.201040344309323
869000 23.213466212305462
870000 23.199017927280405
871000 23.15215575292461
872000 23.170557810138895
873000 23.236242269352203
874000 23.217291763035963
875000 23.197555526391184
876000 23.233908226708085
877000 23.234851117853506
878000 23.192838738355736
879000 23.200720961310843
880000 23.186122119101036
881000 23.22033812749274
882000 23.169432754019063
883000 23.222387073571237
884000 23.199746656020327
885000 23.17461204287226
886000 23.19651630350033
887000 23.215167861968908
888000 23.178242103455524
889000 23.210183437499488
890000 23.175427356654208
891000 23.231348541922337
892000 23.223280800477824
893000 23.16124760220056
894000 23.190219241958562
895000 23.213748987266406
896000 23.196971857620696
897000 23.21656932999942
898000 23.207408984185843
899000 23.21517764762582
900000 23.23883161370274
901000 23.23760130262206
902000 23.21920211568146
903000 23.20725093099665
904000 23.227252073728998
905000 23.26089743213351
906000 23.235485200614253
907000 23.19056444159963
908000 23.191946044536333
909000 23.20240232867258
910000 23.234677776559828
911000 23.261072669959898
912000 23.196950365229473
913000 23.24394814587965
914000 23.22377315991542
915000 23.254262347860646
916000 23.196780022303546
917000 23.27067986306936
918000 23.23853856934061
919000 23.22020840881647
920000 23.19149138694925
921000 23.239038750784594
922000 23.16858301209718
923000 23.24180637998184
924000 23.19877461086491
925000 23.193454355909306
926000 23.186655568826453
927000 23.168519428882206
928000 23.23951542717326
929000 23.20969200406731
930000 23.194660788259323
931000 23.220700944158608
932000 23.220063566736968
933000 23.229979124488615
934000 23.18986621034703
935000 23.219939237729523
936000 23.216666960940323
937000 23.21565564006445
938000 23.177585823054482
939000 23.181833778172013
940000 23.25408775388914
941000 23.213138714220793
942000 23.204901296606252
943000 23.199952251244007
944000 23.167985255980835
945000 23.21397691015534
946000 23.22955137281611
947000 23.218880438877555
948000 23.210065606374904
949000 23.188376808631865
950000 23.179220768952494
951000 23.202521139767526
952000 23.1745647290743
953000 23.212448765137836
954000 23.19958916717555
955000 23.20035240219369
956000 23.169930392911574
957000 23.2343236392044
958000 23.21867463792703
959000 23.17497273552218
960000 23.237251137565323
961000 23.21540375303259
962000 23.184173038699605
963000 23.17687768080519
964000 23.210641235500244
965000 23.218518960613476
966000 23.20129782382993
967000 23.220153031585422
968000 23.24006334562992
969000 23.199226057746813
970000 23.20703131065172
971000 23.19695764047642
972000 23.22748841167223
973000 23.17062918331206
974000 23.21203815959045
975000 23.228201938144085
976000 23.178185797118402
977000 23.231571462838524
978000 23.20378117993081
979000 23.237531609737367
980000 23.218539752948253
981000 23.22464533523973
982000 23.188539459120566
983000 23.21407861203335
984000 23.23228107170246
985000 23.210510783075613
986000 23.227833526117486
987000 23.23942762074655
988000 23.24505022646928
989000 23.2302894796089
990000 23.158063058591054
991000 23.211929245632568
992000 23.183962344148224
993000 23.244462828097422
994000 23.222427545711295
995000 23.203331627647067
996000 23.21478145446328
997000 23.179638478227716
998000 23.237009854297014
999000 23.217886942066816
1000000 23.23408255990762
